execute_date,decision_date,side,code,layer,cash_pool,shares,raw_price,fill_price,commission,tax,reason
2021-01-05,2021-01-04,BUY,1440,swing,shared_1m_account,7200,14.95,14.651,150.31926,0.0,signal
2021-01-05,2021-01-04,BUY,2485,large,shared_1m_account,5200,20.4,20.188000000000002,149.59308000000001,0.0,signal
2021-01-05,2021-01-04,BUY,8021,large,shared_1m_account,3700,28.9,28.714,151.394565,0.0,signal
2021-01-06,2021-01-05,SELL,1440,swing,shared_1m_account,7200,14.75,14.455,148.3083,312.228,ma20_break
2021-01-06,2021-01-05,BUY,6257,short,shared_1m_account,2800,48.65,47.285,188.66715000000002,0.0,signal
2021-01-06,2021-01-05,BUY,2049,large,shared_1m_account,300,410.0,404.74,173.02635,0.0,signal
2021-01-06,2021-01-05,BUY,2338,swing,shared_1m_account,3200,41.55,40.718999999999994,185.67864,0.0,signal
2021-01-07,2021-01-06,SELL,6257,short,shared_1m_account,2800,47.0,46.06,183.7794,386.904,box_failure
2021-01-07,2021-01-06,SELL,2338,swing,shared_1m_account,3200,41.0,40.18,183.2208,385.728,ma20_break
2021-01-07,2021-01-06,BUY,6141,short,shared_1m_account,6100,33.1,32.291000000000004,280.6895175000001,0.0,signal
2021-01-11,2021-01-08,SELL,6141,short,shared_1m_account,6100,31.35,30.723000000000003,267.0596775,562.2309,box_failure
2021-01-11,2021-01-08,BUY,2368,swing,shared_1m_account,2000,52.0,51.744,147.4704,0.0,signal
2021-01-12,2021-01-11,SELL,2368,swing,shared_1m_account,2000,51.1,50.078,142.72230000000002,300.468,ma20_break
2021-01-12,2021-01-11,BUY,2006,swing,shared_1m_account,3600,37.4,36.26,186.0138,0.0,signal
2021-01-12,2021-01-11,BUY,1560,large,shared_1m_account,1900,70.0,68.306,184.938495,0.0,signal
2021-01-13,2021-01-12,SELL,2006,swing,shared_1m_account,3600,36.1,35.378,181.48914000000002,382.0824,ma20_break
2021-01-13,2021-01-12,BUY,1524,short,shared_1m_account,9700,12.05,12.103,167.29371749999999,0.0,signal
2021-01-15,2021-01-14,BUY,6414,short,shared_1m_account,300,278.5,268.03,114.58282499999999,0.0,signal
2021-01-18,2021-01-15,SELL,1524,short,shared_1m_account,9700,11.55,11.319,156.45687750000002,329.3829,ma3_break
2021-01-18,2021-01-15,BUY,1326,swing,shared_1m_account,2000,83.4,82.22200000000001,234.33270000000005,0.0,signal
2021-01-19,2021-01-18,SELL,2485,large,shared_1m_account,5200,18.2,17.836,132.16476,278.2416,trail_10pct
2021-01-19,2021-01-18,SELL,6414,short,shared_1m_account,300,268.0,262.64,112.2786,236.376,ma3_break
2021-01-19,2021-01-18,SELL,1326,swing,shared_1m_account,2000,81.5,79.87,227.6295,479.22,ma20_break
2021-01-20,2021-01-19,BUY,2395,short,shared_1m_account,200,384.5,385.14,109.7649,0.0,signal
2021-01-20,2021-01-19,BUY,8033,large,shared_1m_account,5300,17.0,16.561999999999998,125.084505,0.0,signal
2021-01-20,2021-01-19,BUY,1303,swing,shared_1m_account,1200,70.8,70.266,120.15486000000003,0.0,signal
2021-01-20,2021-01-19,BUY,1326,swing,shared_1m_account,1000,82.5,81.43799999999999,116.04914999999998,0.0,signal
2021-01-21,2021-01-20,SELL,1303,swing,shared_1m_account,1200,69.2,67.816,115.96536,244.1376,ma20_break
2021-01-21,2021-01-20,SELL,1326,swing,shared_1m_account,1000,81.2,79.57600000000001,113.39580000000002,238.72800000000004,ma20_break
2021-01-22,2021-01-21,SELL,2395,short,shared_1m_account,200,365.0,357.7,101.9445,214.62,ma3_break
2021-01-25,2021-01-22,BUY,2338,swing,shared_1m_account,2100,41.7,40.915,122.43813750000001,0.0,signal
2021-01-26,2021-01-25,BUY,3010,short,shared_1m_account,1000,82.9,81.34,115.90950000000001,0.0,signal
2021-01-26,2021-01-25,BUY,3017,swing,shared_1m_account,1200,70.4,68.208,116.63568,0.0,signal
2021-01-27,2021-01-26,SELL,2338,swing,shared_1m_account,2100,40.5,39.69,118.77232500000001,250.047,ma20_break
2021-01-27,2021-01-26,SELL,3010,short,shared_1m_account,1000,79.1,77.51799999999999,110.46314999999998,232.55399999999997,box_failure
2021-01-27,2021-01-26,SELL,3017,swing,shared_1m_account,1200,68.9,67.522,115.46262000000002,243.07920000000004,ma20_break
2021-01-28,2021-01-27,BUY,2492,swing,shared_1m_account,300,229.0,228.34,97.61535,0.0,signal
2021-01-28,2021-01-27,BUY,6743,large,shared_1m_account,600,136.0,136.67999999999998,116.86139999999999,0.0,signal
2021-01-28,2021-01-27,BUY,2455,swing,shared_1m_account,700,112.5,113.06249999999999,112.77984374999998,0.0,signal
2021-01-29,2021-01-28,SELL,2049,large,shared_1m_account,300,413.5,405.23,173.235825,364.707,trail_10pct
2021-01-29,2021-01-28,SELL,2492,swing,shared_1m_account,300,230.0,225.4,96.3585,202.86,ma20_break
2021-01-29,2021-01-28,SELL,2455,swing,shared_1m_account,700,111.0,108.78,108.50805,228.43800000000002,ma20_break
2021-02-01,2021-01-29,SELL,1560,large,shared_1m_account,1900,63.5,62.23,168.487725,354.711,trail_10pct
2021-02-01,2021-01-29,BUY,2376,swing,shared_1m_account,1600,78.7,77.322,176.29416000000003,0.0,signal
2021-02-01,2021-01-29,BUY,2324,swing,shared_1m_account,5900,21.5,21.020999999999997,176.73405749999998,0.0,signal
2021-02-02,2021-02-01,SELL,8021,large,shared_1m_account,3700,26.3,25.774,135.893415,286.0914,trail_10pct
2021-02-02,2021-02-01,SELL,2376,swing,shared_1m_account,1600,78.2,76.636,174.73008,367.8528,ma20_break
2021-02-02,2021-02-01,SELL,2324,swing,shared_1m_account,5900,21.6,21.168,177.96996000000001,374.6736,ma20_break
2021-02-04,2021-02-03,SELL,8033,large,shared_1m_account,5300,16.95,16.611,125.45457750000001,264.11490000000003,trail_10pct
2021-02-04,2021-02-03,BUY,3035,swing,shared_1m_account,2200,52.6,52.233999999999995,163.75359,0.0,signal
2021-02-04,2021-02-03,BUY,2823,swing,shared_1m_account,5200,23.0,22.589,167.38449,0.0,signal
2021-02-05,2021-02-04,SELL,3035,swing,shared_1m_account,2200,52.7,51.646,161.91021,340.8636,ma20_break
2021-02-05,2021-02-04,SELL,2823,swing,shared_1m_account,5200,22.45,22.000999999999998,163.02740999999997,343.21559999999994,ma20_break
2021-02-05,2021-02-04,BUY,3443,swing,shared_1m_account,300,409.0,397.88,170.0937,0.0,signal
2021-02-17,2021-02-05,SELL,3443,swing,shared_1m_account,300,407.5,399.34999999999997,170.72212499999998,359.41499999999996,ma20_break
2021-02-18,2021-02-17,BUY,2376,short,shared_1m_account,1600,85.8,83.398,190.14744,0.0,signal
2021-02-18,2021-02-17,BUY,2492,large,shared_1m_account,500,260.0,254.31,181.195875,0.0,signal
2021-02-18,2021-02-17,BUY,1612,large,shared_1m_account,7700,17.8,17.444,191.40429,0.0,signal
2021-02-19,2021-02-18,BUY,1515,short,shared_1m_account,800,85.1,84.37799999999999,96.19091999999999,0.0,signal
2021-02-19,2021-02-18,BUY,2337,large,shared_1m_account,1500,45.8,44.88399999999999,95.93954999999998,0.0,signal
2021-02-19,2021-02-18,BUY,6412,short,shared_1m_account,800,80.1,78.49799999999999,89.48772,0.0,signal
2021-02-22,2021-02-19,SELL,2376,short,shared_1m_account,1600,85.7,83.986,191.48808000000002,403.13280000000003,ma3_break
2021-02-23,2021-02-22,SELL,1515,short,shared_1m_account,800,86.7,84.96600000000001,96.86124000000001,203.91840000000002,ma3_break
2021-02-23,2021-02-22,SELL,6412,short,shared_1m_account,800,78.7,77.126,87.92364,185.10240000000002,ma3_break
2021-02-24,2021-02-23,BUY,6141,short,shared_1m_account,2400,34.8,34.104,116.63568,0.0,signal
2021-02-24,2021-02-23,BUY,2104,short,shared_1m_account,3100,27.1,26.607,117.5364225,0.0,signal
2021-02-25,2021-02-24,SELL,6141,short,shared_1m_account,2400,34.0,33.32,113.9544,239.904,box_failure
2021-02-25,2021-02-24,SELL,2104,short,shared_1m_account,3100,26.55,26.019000000000002,114.93893250000002,241.97670000000002,box_failure
2021-02-26,2021-02-25,BUY,3029,short,shared_1m_account,1800,43.9,43.561,111.73396500000001,0.0,signal
2021-02-26,2021-02-25,BUY,1402,short,shared_1m_account,2800,29.0,28.91,115.35090000000001,0.0,signal
2021-02-26,2021-02-25,BUY,2618,short,shared_1m_account,5200,15.55,15.533,115.09952999999999,0.0,signal
2021-03-02,2021-02-26,SELL,2492,large,shared_1m_account,500,260.5,255.29,181.894125,382.935,trail_10pct
2021-03-03,2021-03-02,SELL,3029,short,shared_1m_account,1800,43.4,42.532,109.09458,229.67279999999997,ma3_break
2021-03-03,2021-03-02,SELL,1402,short,shared_1m_account,2800,29.15,28.566999999999997,113.98232999999999,239.9628,box_failure
2021-03-03,2021-03-02,SELL,2618,short,shared_1m_account,5200,15.15,14.847,110.01626999999999,231.61319999999998,box_failure
2021-03-04,2021-03-03,BUY,6670,short,shared_1m_account,400,218.5,215.6,122.89200000000001,0.0,signal
2021-03-04,2021-03-03,BUY,1513,large,shared_1m_account,1700,53.3,52.821999999999996,127.96129499999999,0.0,signal
2021-03-04,2021-03-03,BUY,2441,swing,shared_1m_account,1300,70.0,68.50200000000001,126.89995500000002,0.0,signal
2021-03-04,2021-03-03,BUY,4919,swing,shared_1m_account,1900,45.3,45.276,122.58477000000002,0.0,signal
2021-03-05,2021-03-04,SELL,6743,large,shared_1m_account,600,146.0,143.07999999999998,122.33339999999998,257.544,trail_10pct
2021-03-05,2021-03-04,SELL,2337,large,shared_1m_account,1500,40.65,39.836999999999996,85.15158749999999,179.26649999999998,trail_10pct
2021-03-05,2021-03-04,SELL,2441,swing,shared_1m_account,1300,68.1,66.738,123.632145,260.27819999999997,ma20_break
2021-03-05,2021-03-04,SELL,4919,swing,shared_1m_account,1900,44.2,43.316,117.27807000000001,246.90120000000005,ma20_break
2021-03-09,2021-03-08,BUY,2301,swing,shared_1m_account,1400,57.0,57.285,114.283575,0.0,signal
2021-03-09,2021-03-08,BUY,1308,short,shared_1m_account,3400,24.85,24.353,117.99028500000001,0.0,signal
2021-03-09,2021-03-08,BUY,6491,short,shared_1m_account,200,321.5,320.46,91.33109999999999,0.0,signal
2021-03-10,2021-03-09,SELL,6670,short,shared_1m_account,400,234.5,229.81,130.9917,275.772,ma3_break
2021-03-10,2021-03-09,SELL,2301,swing,shared_1m_account,1400,57.6,56.448,112.61376,237.0816,ma20_break
2021-03-11,2021-03-10,SELL,1308,short,shared_1m_account,3400,24.45,23.961,116.091045,244.4022,ma3_break
2021-03-11,2021-03-10,SELL,6491,short,shared_1m_account,200,323.5,317.03,90.35355,190.218,ma3_break
2021-03-12,2021-03-11,BUY,1515,short,shared_1m_account,900,93.3,91.53200000000001,117.38979,0.0,signal
2021-03-16,2021-03-15,SELL,1515,short,shared_1m_account,900,94.0,92.12,118.1439,248.72400000000002,ma3_break
2021-03-16,2021-03-15,BUY,2348,short,shared_1m_account,1000,105.5,102.41,145.93425,0.0,signal
2021-03-16,2021-03-15,BUY,3029,large,shared_1m_account,2300,46.45,45.668,149.67687,0.0,signal
2021-03-17,2021-03-16,BUY,2489,short,shared_1m_account,5300,13.9,13.818,104.360445,0.0,signal
2021-03-17,2021-03-16,BUY,2408,swing,shared_1m_account,800,93.9,91.53200000000001,104.34648000000001,0.0,signal
2021-03-18,2021-03-17,SELL,2408,swing,shared_1m_account,800,93.2,91.336,104.12304,219.2064,ma20_break
2021-03-19,2021-03-18,BUY,3596,short,shared_1m_account,600,108.5,107.8,92.169,0.0,signal
2021-03-19,2021-03-18,BUY,2103,swing,shared_1m_account,2600,27.4,27.048000000000002,100.21284000000001,0.0,signal
2021-03-22,2021-03-19,SELL,2103,swing,shared_1m_account,2600,26.75,26.215,97.126575,204.477,ma20_break
2021-03-23,2021-03-22,SELL,2348,short,shared_1m_account,1000,106.5,104.37,148.72725,313.11,ma3_break
2021-03-24,2021-03-23,SELL,2489,short,shared_1m_account,5300,17.1,16.758000000000003,126.56479500000002,266.4522,ma3_break
2021-03-24,2021-03-23,SELL,3596,short,shared_1m_account,600,109.5,107.31,91.75005,193.15800000000002,ma3_break
2021-03-24,2021-03-23,BUY,1773,large,shared_1m_account,1500,115.0,113.67999999999999,242.991,0.0,signal
2021-03-26,2021-03-25,BUY,6477,swing,shared_1m_account,900,65.2,63.602000000000004,81.56956500000001,0.0,signal
2021-03-29,2021-03-26,BUY,2006,short,shared_1m_account,1400,44.45,42.63,85.04685,0.0,signal
2021-04-01,2021-03-31,SELL,2006,short,shared_1m_account,1400,44.85,43.953,87.68623500000001,184.60260000000002,flow_cools
2021-04-06,2021-04-01,BUY,8081,short,shared_1m_account,200,227.5,220.99,62.982150000000004,0.0,signal
2021-04-07,2021-04-06,BUY,6239,short,shared_1m_account,600,112.0,109.75999999999999,93.8448,0.0,signal
2021-04-08,2021-04-07,BUY,2455,short,shared_1m_account,500,127.0,123.48,87.9795,0.0,signal
2021-04-09,2021-04-08,SELL,6239,short,shared_1m_account,600,112.0,109.75999999999999,93.8448,197.568,ma3_break
2021-04-12,2021-04-09,SELL,6477,swing,shared_1m_account,900,65.5,64.19,82.32367500000001,173.31300000000002,ma20_break
2021-04-13,2021-04-12,SELL,8081,short,shared_1m_account,200,225.0,220.5,62.8425,132.3,ma3_break
2021-04-13,2021-04-12,SELL,2455,short,shared_1m_account,500,122.5,120.05,85.535625,180.07500000000002,box_failure
2021-04-14,2021-04-13,BUY,1711,short,shared_1m_account,3000,19.8,19.011999999999997,81.27629999999999,0.0,signal
2021-04-14,2021-04-13,BUY,2605,swing,shared_1m_account,2700,22.25,21.217,81.6324075,0.0,signal
2021-04-15,2021-04-14,SELL,2605,swing,shared_1m_account,2700,21.9,21.462,82.575045,173.84220000000002,ma20_break
2021-04-15,2021-04-14,BUY,6209,short,shared_1m_account,2700,44.9,42.777,164.58450750000003,0.0,signal
2021-04-19,2021-04-16,SELL,1711,short,shared_1m_account,3000,19.0,18.62,79.6005,167.58,flow_cools
2021-04-19,2021-04-16,SELL,6209,short,shared_1m_account,2700,42.0,41.16,158.36309999999997,333.39599999999996,ma3_break
2021-04-20,2021-04-19,BUY,1321,short,shared_1m_account,1300,42.65,41.846000000000004,77.519715,0.0,signal
2021-04-20,2021-04-19,BUY,1783,large,shared_1m_account,1500,37.8,36.113,77.19153750000001,0.0,signal
2021-04-20,2021-04-19,BUY,1217,short,shared_1m_account,5300,10.75,10.339,78.08529750000001,0.0,signal
2021-04-22,2021-04-21,SELL,1321,short,shared_1m_account,1300,39.95,39.151,72.52722750000001,152.68890000000002,ma3_break
2021-04-23,2021-04-22,BUY,5515,short,shared_1m_account,3400,16.2,15.729000000000001,76.20700500000001,0.0,signal
2021-04-27,2021-04-26,SELL,5515,short,shared_1m_account,3400,15.2,14.895999999999999,72.17111999999999,151.9392,ma3_break
2021-04-28,2021-04-27,SELL,1217,short,shared_1m_account,5300,11.75,11.515,86.9670375,183.0885,ma3_break
2021-04-29,2021-04-28,BUY,2419,short,shared_1m_account,2100,25.85,25.186,75.369105,0.0,signal
2021-05-03,2021-04-29,BUY,2382,swing,shared_1m_account,500,97.1,96.432,68.7078,0.0,signal
2021-05-04,2021-05-03,SELL,1783,large,shared_1m_account,1500,32.5,31.849999999999998,68.079375,143.32500000000002,trail_10pct
2021-05-04,2021-05-03,SELL,2419,short,shared_1m_account,2100,22.9,22.441999999999997,67.15768499999999,141.38459999999998,box_failure
2021-05-04,2021-05-03,SELL,2382,swing,shared_1m_account,500,96.2,94.276,67.17165,141.41400000000002,ma20_break
2021-05-05,2021-05-04,SELL,1612,large,shared_1m_account,7700,29.5,28.91,317.21497500000004,667.821,trail_10pct
2021-05-05,2021-05-04,SELL,1513,large,shared_1m_account,1700,49.3,48.31399999999999,117.04066499999999,246.40139999999997,trail_10pct
2021-05-07,2021-05-06,BUY,2006,swing,shared_1m_account,1500,56.1,54.978,117.51547500000001,0.0,signal
2021-05-07,2021-05-06,BUY,1303,swing,shared_1m_account,900,90.1,87.80799999999999,112.61376,0.0,signal
2021-05-10,2021-05-07,SELL,1303,swing,shared_1m_account,900,89.0,87.22,111.85965,235.494,ma20_break
2021-05-10,2021-05-07,BUY,1103,swing,shared_1m_account,4800,24.8,24.304,166.23936,0.0,signal
2021-05-11,2021-05-10,BUY,4426,short,shared_1m_account,2500,30.5,30.652499999999996,109.19953124999998,0.0,signal
2021-05-11,2021-05-10,BUY,1303,swing,shared_1m_account,800,89.0,87.22,99.4308,0.0,signal
2021-05-11,2021-05-10,BUY,2104,swing,shared_1m_account,2600,29.8,29.057,107.656185,0.0,signal
2021-05-12,2021-05-11,SELL,2006,swing,shared_1m_account,1500,55.1,53.998,115.420725,242.991,ma20_break
2021-05-12,2021-05-11,SELL,1103,swing,shared_1m_account,4800,23.95,23.471,160.54164,337.98240000000004,ma20_break
2021-05-12,2021-05-11,SELL,4426,short,shared_1m_account,2500,28.8,28.224,100.548,211.68,box_failure
2021-05-12,2021-05-11,SELL,1303,swing,shared_1m_account,800,85.5,83.78999999999999,95.5206,201.096,ma20_break
2021-05-12,2021-05-11,SELL,2104,swing,shared_1m_account,2600,27.55,26.999,100.031295,210.5922,ma20_break
2021-05-13,2021-05-12,SELL,3029,large,shared_1m_account,2300,43.2,42.336,138.75624000000002,292.1184,trail_10pct
2021-05-13,2021-05-12,BUY,2882,swing,shared_1m_account,1700,50.3,50.55149999999999,122.46100874999999,0.0,signal
2021-05-13,2021-05-12,BUY,2028,swing,shared_1m_account,2700,33.2,33.366,128.375685,0.0,signal
2021-05-14,2021-05-13,SELL,1773,large,shared_1m_account,1500,108.5,106.33,227.28037500000002,478.485,trail_10pct
2021-05-14,2021-05-13,SELL,2882,swing,shared_1m_account,1700,52.2,51.156,123.92541,260.8956,ma20_break
2021-05-14,2021-05-13,SELL,2028,swing,shared_1m_account,2700,33.05,32.388999999999996,124.6166775,262.35089999999997,ma20_break
2021-05-14,2021-05-13,BUY,2029,swing,shared_1m_account,2800,36.0,34.839,139.00761,0.0,signal
2021-05-14,2021-05-13,BUY,2636,swing,shared_1m_account,1400,68.0,66.836,133.33782,0.0,signal
2021-05-17,2021-05-14,SELL,2029,swing,shared_1m_account,2800,29.3,28.714,114.56886,241.1976,ma20_break
2021-05-17,2021-05-14,SELL,2636,swing,shared_1m_account,1400,60.0,58.8,117.306,246.96,ma20_break
2021-05-17,2021-05-14,BUY,1216,swing,shared_1m_account,1500,74.3,72.71600000000001,155.43045000000004,0.0,signal
2021-05-17,2021-05-14,BUY,2886,swing,shared_1m_account,3600,31.05,31.066,159.36857999999998,0.0,signal
2021-05-18,2021-05-17,SELL,1216,swing,shared_1m_account,1500,72.7,71.246,152.288325,320.60699999999997,ma20_break
2021-05-18,2021-05-17,SELL,2886,swing,shared_1m_account,3600,31.15,30.526999999999997,156.60351,329.6916,ma20_break
2021-06-02,2021-06-01,BUY,4133,swing,shared_1m_account,2700,63.5,61.544,236.79054,0.0,signal
2021-06-03,2021-06-02,SELL,4133,swing,shared_1m_account,2700,62.0,60.76,233.7741,492.156,ma20_break
2021-06-04,2021-06-03,BUY,9938,short,shared_1m_account,1600,100.5,100.45,229.026,0.0,signal
2021-06-04,2021-06-03,BUY,5607,large,shared_1m_account,4700,36.0,35.574,238.256865,0.0,signal
2021-06-07,2021-06-04,SELL,9938,short,shared_1m_account,1600,100.0,98.0,223.44,470.40000000000003,box_failure
2021-06-07,2021-06-04,BUY,2891,swing,shared_1m_account,4400,22.7,22.294999999999998,139.78965,0.0,signal
2021-06-07,2021-06-04,BUY,2881,swing,shared_1m_account,1300,73.1,71.44200000000001,132.346305,0.0,signal
2021-06-08,2021-06-07,SELL,2891,swing,shared_1m_account,4400,22.7,22.246,139.48242,293.6472,ma20_break
2021-06-18,2021-06-17,SELL,2881,swing,shared_1m_account,1300,72.1,70.65799999999999,130.89394499999997,275.5661999999999,ma20_break
2021-06-22,2021-06-21,BUY,8016,swing,shared_1m_account,100,280.0,270.96999999999997,38.61322499999999,0.0,signal
2021-06-22,2021-06-21,BUY,2337,swing,shared_1m_account,1000,44.0,42.678999999999995,60.81757499999999,0.0,signal
2021-06-23,2021-06-22,SELL,8016,swing,shared_1m_account,100,277.0,271.46,38.683049999999994,81.43799999999999,ma20_break
2021-06-23,2021-06-22,SELL,2337,swing,shared_1m_account,1000,42.5,41.65,59.35125,124.95,ma20_break
2021-06-24,2021-06-23,SELL,5607,large,shared_1m_account,4700,36.45,35.721000000000004,239.24139750000003,503.66610000000003,trail_10pct
2021-06-24,2021-06-23,BUY,2308,swing,shared_1m_account,300,296.0,290.08,124.0092,0.0,signal
2021-06-25,2021-06-24,SELL,2308,swing,shared_1m_account,300,290.0,284.2,121.4955,255.78,ma20_break
2021-06-25,2021-06-24,BUY,1526,large,shared_1m_account,1900,55.9,53.312,144.34223999999998,0.0,signal
2021-06-25,2021-06-24,BUY,1447,swing,shared_1m_account,8300,12.9,12.495,147.7846125,0.0,signal
2021-06-28,2021-06-25,SELL,1447,swing,shared_1m_account,8300,12.6,12.347999999999999,146.04597,307.4652,ma20_break
2021-06-28,2021-06-25,BUY,1515,large,shared_1m_account,1200,83.0,80.556,137.75076,0.0,signal
2021-06-29,2021-06-28,BUY,2851,short,shared_1m_account,2900,29.95,29.204,120.68553000000001,0.0,signal
2021-07-01,2021-06-30,SELL,2851,short,shared_1m_account,2900,29.75,29.155,120.48303750000001,253.6485,ma3_break
2021-07-13,2021-07-12,BUY,1447,swing,shared_1m_account,8100,13.15,12.544,144.78912000000003,0.0,signal
2021-07-13,2021-07-12,BUY,1409,swing,shared_1m_account,4700,22.1,21.609,144.7262775,0.0,signal
2021-07-13,2021-07-12,BUY,1709,swing,shared_1m_account,4800,21.35,20.923000000000002,143.11332000000002,0.0,signal
2021-07-14,2021-07-13,SELL,1447,swing,shared_1m_account,8100,12.2,11.956,138.00213,290.5308,ma20_break
2021-07-14,2021-07-13,SELL,1409,swing,shared_1m_account,4700,21.0,20.58,137.83454999999998,290.17799999999994,ma20_break
2021-07-14,2021-07-13,SELL,1709,swing,shared_1m_account,4800,20.6,20.188000000000002,138.08592000000002,290.70720000000006,ma20_break
2021-07-15,2021-07-14,BUY,1783,short,shared_1m_account,2000,39.85,40.04925,114.14036250000001,0.0,signal
2021-07-16,2021-07-15,BUY,6269,swing,shared_1m_account,600,129.5,129.35999999999999,110.60279999999999,0.0,signal
2021-07-19,2021-07-16,SELL,1783,short,shared_1m_account,2000,39.6,38.808,110.6028,232.848,ma3_break
2021-07-19,2021-07-16,BUY,9904,swing,shared_1m_account,3000,37.6,36.946000000000005,157.94415000000004,0.0,signal
2021-07-19,2021-07-16,BUY,1319,large,shared_1m_account,3000,38.0,36.652,156.6873,0.0,signal
2021-07-20,2021-07-19,SELL,9904,swing,shared_1m_account,3000,36.65,35.916999999999994,153.54517499999997,323.253,ma20_break
2021-07-21,2021-07-20,SELL,1526,large,shared_1m_account,1900,55.5,54.39,147.26092500000001,310.023,trail_10pct
2021-07-21,2021-07-20,SELL,6269,swing,shared_1m_account,600,129.5,126.91,108.50805,228.43800000000002,ma20_break
2021-08-04,2021-08-03,BUY,6271,swing,shared_1m_account,300,244.5,237.65,101.595375,0.0,signal
2021-08-05,2021-08-04,SELL,6271,swing,shared_1m_account,300,241.5,236.67,101.17642500000001,213.00300000000001,ma20_break
2021-08-09,2021-08-06,BUY,1303,swing,shared_1m_account,900,88.1,86.632,111.10554,0.0,signal
2021-08-09,2021-08-06,BUY,1101,swing,shared_1m_account,1500,52.6,51.842,110.812275,0.0,signal
2021-08-09,2021-08-06,BUY,2481,swing,shared_1m_account,700,106.5,106.33,106.064175,0.0,signal
2021-08-10,2021-08-09,SELL,1101,swing,shared_1m_account,1500,52.2,51.156,109.34595,230.202,ma20_break
2021-08-10,2021-08-09,SELL,2481,swing,shared_1m_account,700,100.0,98.0,97.75500000000001,205.8,ma20_break
2021-08-11,2021-08-10,SELL,1515,large,shared_1m_account,1200,73.1,71.63799999999999,122.50098,257.8968,trail_10pct
2021-08-11,2021-08-10,SELL,1303,swing,shared_1m_account,900,87.3,85.554,109.72300500000001,230.99580000000003,ma20_break
2021-08-12,2021-08-11,SELL,1319,large,shared_1m_account,3000,34.05,33.369,142.652475,300.321,trail_10pct
2021-08-25,2021-08-24,BUY,2412,swing,shared_1m_account,700,110.5,111.0525,110.77486875000001,0.0,signal
2021-08-26,2021-08-25,SELL,2412,swing,shared_1m_account,700,110.0,107.8,107.5305,226.38,ma20_break
2021-08-27,2021-08-26,BUY,8249,large,shared_1m_account,2400,32.0,31.36,107.2512,0.0,signal
2021-08-31,2021-08-30,BUY,2801,swing,shared_1m_account,5000,16.45,16.532249999999998,117.79228124999999,0.0,signal
2021-08-31,2021-08-30,BUY,2538,large,shared_1m_account,6400,13.0,12.936,117.97632,0.0,signal
2021-08-31,2021-08-30,BUY,6108,short,shared_1m_account,3400,25.0,24.5,118.7025,0.0,signal
2021-08-31,2021-08-30,BUY,1909,swing,shared_1m_account,2900,28.6,28.224,116.63568000000001,0.0,signal
2021-08-31,2021-08-30,BUY,2887,short,shared_1m_account,4300,19.55,19.208000000000002,117.69702000000002,0.0,signal
2021-08-31,2021-08-30,BUY,2527,short,shared_1m_account,2700,30.0,30.086,115.755885,0.0,signal
2021-09-01,2021-08-31,SELL,2801,swing,shared_1m_account,5000,16.5,16.169999999999998,115.21124999999998,242.54999999999995,portfolio_dd_guard
2021-09-01,2021-08-31,SELL,1909,swing,shared_1m_account,2900,28.1,27.538,113.800785,239.5806,ma20_break
2021-09-01,2021-08-31,SELL,2527,short,shared_1m_account,2700,29.0,28.419999999999998,109.34595,230.202,box_failure
2021-09-01,2021-08-31,SELL,8249,large,shared_1m_account,2400,30.05,29.449,100.71558000000002,212.0328,portfolio_dd_guard
2021-09-01,2021-08-31,SELL,2538,large,shared_1m_account,6400,12.6,12.347999999999999,112.61376,237.0816,portfolio_dd_guard
2021-09-02,2021-09-01,SELL,2887,short,shared_1m_account,4300,19.25,18.865,115.5952875,243.3585,ma3_break
2021-09-03,2021-09-02,SELL,6108,short,shared_1m_account,3400,24.45,23.961,116.091045,244.4022,ma3_break
2021-09-14,2021-09-13,BUY,2498,large,shared_1m_account,2100,37.65,37.093,111.0008025,0.0,signal
2021-09-14,2021-09-13,BUY,1903,large,shared_1m_account,1100,71.3,69.482,108.913035,0.0,signal
2021-09-15,2021-09-14,BUY,2369,swing,shared_1m_account,2800,28.75,28.469,113.59131,0.0,signal
2021-09-16,2021-09-15,SELL,2369,swing,shared_1m_account,2800,28.65,28.076999999999998,112.02722999999999,235.84679999999997,ma20_break
2021-09-16,2021-09-15,BUY,3711,swing,shared_1m_account,800,123.5,121.52,138.5328,0.0,signal
2021-09-17,2021-09-16,SELL,3711,swing,shared_1m_account,800,120.5,118.09,134.6226,283.416,ma20_break
2021-09-22,2021-09-17,BUY,2002,swing,shared_1m_account,2200,36.0,36.17999999999999,113.42429999999999,0.0,signal
2021-09-22,2021-09-17,BUY,2880,swing,shared_1m_account,4000,20.3,20.09,114.513,0.0,signal
2021-09-22,2021-09-17,BUY,2885,swing,shared_1m_account,3300,24.45,24.255,114.0591375,0.0,signal
2021-09-22,2021-09-17,BUY,2882,swing,shared_1m_account,1300,57.2,57.486,106.49281500000001,0.0,signal
2021-09-23,2021-09-22,SELL,2002,swing,shared_1m_account,2200,36.8,36.064,113.06064,238.0224,ma20_break
2021-09-23,2021-09-22,SELL,2880,swing,shared_1m_account,4000,20.25,19.845,113.1165,238.14000000000001,ma20_break
2021-09-23,2021-09-22,SELL,2885,swing,shared_1m_account,3300,24.5,24.009999999999998,112.907025,237.699,ma20_break
2021-09-23,2021-09-22,SELL,2882,swing,shared_1m_account,1300,57.3,56.153999999999996,104.025285,219.0006,ma20_break
2021-10-05,2021-10-04,SELL,2498,large,shared_1m_account,2100,33.9,33.222,99.416835,209.2986,trail_10pct
2021-10-08,2021-10-07,BUY,8422,short,shared_1m_account,200,204.0,200.9,57.2565,0.0,signal
2021-10-08,2021-10-07,BUY,3033,swing,shared_1m_account,1900,27.7,26.999,73.0997925,0.0,signal
2021-10-08,2021-10-07,BUY,1734,swing,shared_1m_account,1400,38.4,37.191,74.196045,0.0,signal
2021-10-12,2021-10-08,SELL,3033,swing,shared_1m_account,1900,26.3,25.774,69.783105,146.9118,ma20_break
2021-10-12,2021-10-08,SELL,1734,swing,shared_1m_account,1400,37.2,36.456,72.72972,153.11520000000002,ma20_break
2021-10-18,2021-10-15,SELL,8422,short,shared_1m_account,200,213.0,208.74,59.4909,125.244,flow_cools
2021-10-29,2021-10-28,BUY,2356,swing,shared_1m_account,1900,26.9,26.362,71.375115,0.0,signal
2021-11-02,2021-11-01,BUY,3042,large,shared_1m_account,400,110.0,104.86,59.7702,0.0,signal
2021-11-04,2021-11-03,SELL,2356,swing,shared_1m_account,1900,26.2,25.676,69.51777,146.3532,ma20_break
2021-11-19,2021-11-18,BUY,2231,short,shared_1m_account,400,180.5,174.93,99.7101,0.0,signal
2021-11-22,2021-11-19,BUY,2476,swing,shared_1m_account,1400,63.0,61.25,122.19375000000001,0.0,signal
2021-11-23,2021-11-22,SELL,2231,short,shared_1m_account,400,175.5,171.99,98.0343,206.388,ma3_break
2021-11-23,2021-11-22,SELL,2476,swing,shared_1m_account,1400,60.9,59.681999999999995,119.06558999999999,250.66439999999997,ma20_break
2021-11-23,2021-11-22,BUY,2408,short,shared_1m_account,1900,76.0,73.89200000000001,200.06259000000003,0.0,signal
2021-11-25,2021-11-24,SELL,2408,short,shared_1m_account,1900,76.0,74.48,201.65460000000002,424.536,ma3_break
2021-11-25,2021-11-24,BUY,2455,short,shared_1m_account,600,152.5,146.51,125.26605,0.0,signal
2021-11-26,2021-11-25,SELL,2455,short,shared_1m_account,600,144.5,141.60999999999999,121.07654999999998,254.89799999999997,box_failure
2021-11-26,2021-11-25,BUY,2383,short,shared_1m_account,300,261.5,262.80749999999995,112.35020624999999,0.0,signal
2021-11-26,2021-11-25,BUY,2376,swing,shared_1m_account,700,133.0,131.32,130.9917,0.0,signal
2021-11-26,2021-11-25,BUY,3305,swing,shared_1m_account,1200,80.3,79.38,135.7398,0.0,signal
2021-11-29,2021-11-26,SELL,3305,swing,shared_1m_account,1200,78.5,76.92999999999999,131.5503,276.948,ma20_break
2021-11-29,2021-11-26,SELL,1903,large,shared_1m_account,1100,70.0,68.6,107.5305,226.38,portfolio_dd_guard
2021-11-30,2021-11-29,SELL,2376,swing,shared_1m_account,700,134.0,131.32,130.9917,275.772,ma20_break
2021-12-02,2021-12-01,SELL,2383,short,shared_1m_account,300,276.0,270.48,115.6302,243.43200000000002,ma3_break
2021-12-07,2021-12-06,SELL,3042,large,shared_1m_account,400,102.5,100.45,57.2565,120.54,trail_10pct
2021-12-10,2021-12-09,BUY,2401,swing,shared_1m_account,1900,40.2,39.592,107.19534,0.0,signal
2021-12-10,2021-12-09,BUY,2363,swing,shared_1m_account,2900,25.9,25.529,105.49859250000002,0.0,signal
2021-12-13,2021-12-10,SELL,2401,swing,shared_1m_account,1900,39.1,38.318,103.745985,218.4126,ma20_break
2021-12-13,2021-12-10,SELL,2363,swing,shared_1m_account,2900,25.8,25.284,104.48612999999999,219.97079999999997,ma20_break
2021-12-14,2021-12-13,BUY,3704,large,shared_1m_account,2000,36.55,36.211000000000006,103.20135000000002,0.0,signal
2021-12-17,2021-12-16,BUY,3443,large,shared_1m_account,100,651.0,647.78,92.30865,0.0,signal
2021-12-17,2021-12-16,BUY,3017,swing,shared_1m_account,800,88.5,87.416,99.65424,0.0,signal
2021-12-17,2021-12-16,BUY,2426,swing,shared_1m_account,2700,28.35,27.783,106.89509250000002,0.0,signal
2021-12-20,2021-12-17,SELL,3017,swing,shared_1m_account,800,86.0,84.28,96.0792,202.272,ma20_break
2021-12-20,2021-12-17,SELL,2426,swing,shared_1m_account,2700,27.45,26.901,103.5015975,217.8981,ma20_break
2022-01-03,2021-12-30,BUY,2351,large,shared_1m_account,400,172.0,171.99,98.0343,0.0,signal
2022-01-05,2022-01-04,BUY,9919,short,shared_1m_account,2800,29.0,27.783,110.85417000000001,0.0,signal
2022-01-06,2022-01-05,BUY,2348,large,shared_1m_account,700,115.0,113.67999999999999,113.39580000000001,0.0,signal
2022-01-07,2022-01-06,SELL,3704,large,shared_1m_account,2000,33.8,33.123999999999995,94.40339999999998,198.74399999999997,trail_10pct
2022-01-07,2022-01-06,SELL,3443,large,shared_1m_account,100,548.0,537.04,76.5282,161.112,trail_10pct
2022-01-10,2022-01-07,SELL,2351,large,shared_1m_account,400,151.0,147.98,84.34859999999999,177.576,trail_10pct
2022-01-10,2022-01-07,BUY,2360,large,shared_1m_account,400,208.0,206.78,117.86460000000001,0.0,signal
2022-01-12,2022-01-11,SELL,9919,short,shared_1m_account,2800,30.95,30.331,121.02069,254.78040000000001,ma3_break
2022-01-17,2022-01-14,SELL,2360,large,shared_1m_account,400,207.5,203.35,115.90950000000001,244.02,trail_10pct
2022-01-24,2022-01-21,BUY,9945,swing,shared_1m_account,700,64.0,63.504,63.34524,0.0,signal
2022-01-24,2022-01-21,BUY,5880,swing,shared_1m_account,1800,26.2,25.921,66.487365,0.0,signal
2022-01-25,2022-01-24,SELL,2348,large,shared_1m_account,700,106.5,104.37,104.109075,219.177,trail_10pct
2022-01-25,2022-01-24,SELL,9945,swing,shared_1m_account,700,64.0,62.72,62.5632,131.712,ma20_break
2022-01-25,2022-01-24,BUY,1712,large,shared_1m_account,4600,29.4,28.959,189.826245,0.0,signal
2022-01-26,2022-01-25,SELL,5880,swing,shared_1m_account,1800,26.15,25.627,65.733255,138.3858,ma20_break
2022-02-09,2022-02-08,BUY,3535,short,shared_1m_account,1900,21.05,20.335,55.0570125,0.0,signal
2022-02-11,2022-02-10,SELL,3535,short,shared_1m_account,1900,20.05,19.649,53.1996675,111.99929999999999,ma3_break
2022-02-23,2022-02-22,SELL,1712,large,shared_1m_account,4600,32.4,31.752,208.13436,438.1776,trail_10pct
2022-02-24,2022-02-23,BUY,2801,swing,shared_1m_account,2900,17.85,17.590999999999998,72.6948075,0.0,signal
2022-02-24,2022-02-23,BUY,6282,swing,shared_1m_account,1500,34.2,33.908,72.47835,0.0,signal
2022-02-24,2022-02-23,BUY,9904,swing,shared_1m_account,1500,32.7,32.242,68.91727499999999,0.0,signal
2022-02-24,2022-02-23,BUY,2897,swing,shared_1m_account,5800,8.99,8.829799999999999,72.97829699999998,0.0,signal
2022-02-24,2022-02-23,BUY,2883,swing,shared_1m_account,2700,19.2,18.963,72.96014250000002,0.0,signal
2022-02-24,2022-02-23,BUY,2891,swing,shared_1m_account,1800,27.5,27.244,69.88086,0.0,signal
2022-02-25,2022-02-24,SELL,2801,swing,shared_1m_account,2900,17.6,17.248,71.27736000000002,150.0576,ma20_break
2022-02-25,2022-02-24,SELL,6282,swing,shared_1m_account,1500,33.7,33.026,70.59307500000001,148.61700000000002,ma20_break
2022-02-25,2022-02-24,SELL,9904,swing,shared_1m_account,1500,32.1,31.458000000000002,67.24147500000001,141.561,ma20_break
2022-02-25,2022-02-24,SELL,2897,swing,shared_1m_account,5800,8.9,8.722,72.08733,151.7628,ma20_break
2022-02-25,2022-02-24,SELL,2883,swing,shared_1m_account,2700,18.95,18.570999999999998,71.4519225,150.4251,ma20_break
2022-02-25,2022-02-24,SELL,2891,swing,shared_1m_account,1800,26.9,26.362,67.61853,142.3548,ma20_break
2022-03-01,2022-02-25,BUY,3706,swing,shared_1m_account,700,32.75,32.879,32.7968025,0.0,signal
2022-03-02,2022-03-01,SELL,3706,swing,shared_1m_account,700,32.45,31.801000000000002,31.7214975,66.7821,ma20_break
2022-03-18,2022-03-17,BUY,2601,swing,shared_1m_account,1000,12.35,12.103,17.246775,0.0,signal
2022-03-18,2022-03-17,BUY,2409,swing,shared_1m_account,600,21.05,20.825,17.805375,0.0,signal
2022-03-21,2022-03-18,SELL,2601,swing,shared_1m_account,1000,12.25,12.004999999999999,17.107124999999996,36.01499999999999,ma20_break
2022-03-21,2022-03-18,SELL,2409,swing,shared_1m_account,600,21.1,20.678,17.67969,37.220400000000005,ma20_break
2022-03-23,2022-03-22,BUY,2015,short,shared_1m_account,100,98.5,95.844,13.65777,0.0,signal
2022-03-23,2022-03-22,BUY,2010,large,shared_1m_account,400,26.2,25.529,14.551530000000001,0.0,signal
2022-03-24,2022-03-23,BUY,3209,large,shared_1m_account,300,39.0,38.122,16.297155,0.0,signal
2022-03-28,2022-03-25,SELL,2015,short,shared_1m_account,100,96.6,94.66799999999999,13.49019,28.400399999999998,ma3_break
2022-04-11,2022-04-08,BUY,5388,swing,shared_1m_account,100,80.5,76.636,10.92063,0.0,signal
2022-04-12,2022-04-11,SELL,5388,swing,shared_1m_account,100,76.4,74.872,10.66926,22.4616,ma20_break
2022-04-12,2022-04-11,BUY,4906,swing,shared_1m_account,500,31.4,30.968,22.064700000000002,0.0,signal
2022-04-12,2022-04-11,BUY,1101,swing,shared_1m_account,300,49.4,48.461,20.7170775,0.0,signal
2022-04-13,2022-04-12,SELL,4906,swing,shared_1m_account,500,31.2,30.576,21.7854,45.864000000000004,ma20_break
2022-04-13,2022-04-12,SELL,1101,swing,shared_1m_account,300,48.15,47.187,20.1724425,42.4683,ma20_break
2022-04-14,2022-04-13,BUY,9907,swing,shared_1m_account,700,17.3,17.003,16.9604925,0.0,signal
2022-04-15,2022-04-14,SELL,9907,swing,shared_1m_account,700,17.05,16.709,16.6672275,35.088899999999995,ma20_break
2022-04-15,2022-04-14,BUY,2891,swing,shared_1m_account,500,29.1,28.860999999999997,20.563462499999996,0.0,signal
2022-04-18,2022-04-15,SELL,2891,swing,shared_1m_account,500,29.1,28.518,20.319075,42.777,ma20_break
2022-04-18,2022-04-15,BUY,2886,swing,shared_1m_account,300,42.6,41.993,17.952007500000004,0.0,signal
2022-04-18,2022-04-15,BUY,2882,swing,shared_1m_account,200,63.7,62.72,17.8752,0.0,signal
2022-04-18,2022-04-15,BUY,2002,swing,shared_1m_account,400,39.5,38.75899999999999,22.092629999999996,0.0,signal
2022-04-19,2022-04-18,SELL,2886,swing,shared_1m_account,300,41.95,41.111000000000004,17.574952500000002,36.999900000000004,ma20_break
2022-04-19,2022-04-18,SELL,2882,swing,shared_1m_account,200,63.2,61.936,17.651760000000003,37.1616,ma20_break
2022-04-19,2022-04-18,SELL,2002,swing,shared_1m_account,400,38.6,37.828,21.561960000000003,45.393600000000006,ma20_break
2022-04-26,2022-04-25,SELL,2010,large,shared_1m_account,400,23.0,22.54,12.847800000000001,27.048000000000002,trail_10pct
2022-05-03,2022-04-29,BUY,2412,swing,shared_1m_account,100,130.0,128.38,18.294150000000002,0.0,signal
2022-05-03,2022-04-29,BUY,1513,swing,shared_1m_account,200,54.0,53.312,15.19392,0.0,signal
2022-05-03,2022-04-29,BUY,2884,swing,shared_1m_account,400,33.6,33.173,18.908610000000003,0.0,signal
2022-05-04,2022-05-03,SELL,2412,swing,shared_1m_account,100,126.5,123.97,17.665725000000002,37.191,ma20_break
2022-05-04,2022-05-03,SELL,1513,swing,shared_1m_account,200,52.6,51.548,14.691180000000001,30.928800000000003,ma20_break
2022-05-04,2022-05-03,SELL,2884,swing,shared_1m_account,400,32.7,32.046,18.26622,38.4552,ma20_break
2022-05-05,2022-05-04,BUY,3596,swing,shared_1m_account,100,127.0,122.00999999999999,17.386425,0.0,signal
2022-05-05,2022-05-04,BUY,6285,swing,shared_1m_account,200,75.2,73.696,21.00336,0.0,signal
2022-05-06,2022-05-05,SELL,3596,swing,shared_1m_account,100,111.0,108.78,15.50115,32.634,ma20_break
2022-05-06,2022-05-05,SELL,6285,swing,shared_1m_account,200,67.6,66.24799999999999,18.880679999999998,39.748799999999996,ma20_break
2022-05-09,2022-05-06,BUY,3682,swing,shared_1m_account,2500,7.11,7.046200000000001,25.1020875,0.0,signal
2022-05-09,2022-05-06,BUY,6205,swing,shared_1m_account,200,81.8,81.34,23.181900000000002,0.0,signal
2022-05-09,2022-05-06,BUY,1708,swing,shared_1m_account,200,62.6,61.348,17.484180000000002,0.0,signal
2022-05-10,2022-05-09,SELL,3682,swing,shared_1m_account,2500,7.01,6.8698,24.4736625,51.5235,ma20_break
2022-05-10,2022-05-09,SELL,6205,swing,shared_1m_account,200,78.2,76.636,21.84126,45.9816,ma20_break
2022-05-10,2022-05-09,SELL,1708,swing,shared_1m_account,200,58.9,57.721999999999994,16.45077,34.6332,ma20_break
2022-05-24,2022-05-23,BUY,3037,swing,shared_1m_account,200,216.5,211.68,60.3288,0.0,signal
2022-05-25,2022-05-24,SELL,3037,swing,shared_1m_account,200,207.0,202.85999999999999,57.8151,121.71600000000001,ma20_break
2022-05-27,2022-05-26,BUY,4904,swing,shared_1m_account,100,82.6,80.85,11.521125,0.0,signal
2022-05-30,2022-05-27,SELL,4904,swing,shared_1m_account,100,81.3,79.67399999999999,11.353545,23.9022,ma20_break
2022-05-31,2022-05-30,BUY,3702,swing,shared_1m_account,300,54.7,53.312,22.790879999999998,0.0,signal
2022-05-31,2022-05-30,BUY,4904,swing,shared_1m_account,200,79.6,79.086,22.53951,0.0,signal
2022-06-01,2022-05-31,SELL,3702,swing,shared_1m_account,300,53.3,52.233999999999995,22.330035,47.0106,ma20_break
2022-06-01,2022-05-31,SELL,4904,swing,shared_1m_account,200,79.7,78.106,22.26021,46.8636,ma20_break
2022-06-16,2022-06-15,BUY,2313,swing,shared_1m_account,300,49.1,47.285,20.2143375,0.0,signal
2022-06-17,2022-06-16,SELL,2313,swing,shared_1m_account,300,47.3,46.354,19.816335,41.718599999999995,ma20_break
2022-06-17,2022-06-16,BUY,2338,swing,shared_1m_account,100,88.9,88.592,12.624360000000001,0.0,signal
2022-06-17,2022-06-16,BUY,2368,swing,shared_1m_account,100,82.0,81.43799999999999,11.604915,0.0,signal
2022-06-17,2022-06-16,BUY,2449,swing,shared_1m_account,300,44.95,44.688,19.10412,0.0,signal
2022-06-20,2022-06-17,SELL,2368,swing,shared_1m_account,100,80.3,78.694,11.213895,23.608200000000004,ma20_break
2022-06-20,2022-06-17,SELL,2449,swing,shared_1m_account,300,45.1,44.198,18.894645,39.7782,ma20_break
2022-06-20,2022-06-17,BUY,4572,short,shared_1m_account,200,132.0,127.89,36.44865,0.0,signal
2022-06-20,2022-06-17,BUY,3702,swing,shared_1m_account,500,55.7,55.174,39.311475,0.0,signal
2022-06-21,2022-06-20,SELL,3209,large,shared_1m_account,300,37.7,36.946000000000005,15.794415000000003,33.251400000000004,trail_10pct
2022-06-21,2022-06-20,SELL,2338,swing,shared_1m_account,100,88.9,87.122,12.414885000000002,26.1366,ma20_break
2022-06-21,2022-06-20,SELL,4572,short,shared_1m_account,200,127.0,124.46,35.4711,74.676,box_failure
2022-06-21,2022-06-20,SELL,3702,swing,shared_1m_account,500,54.9,53.802,38.333925,80.703,ma20_break
2022-06-22,2022-06-21,BUY,4915,swing,shared_1m_account,200,62.4,61.152,17.42832,0.0,signal
2022-06-22,2022-06-21,BUY,2317,swing,shared_1m_account,100,111.5,109.75999999999999,15.6408,0.0,signal
2022-06-22,2022-06-21,BUY,2891,swing,shared_1m_account,400,26.1,25.921,14.77497,0.0,signal
2022-06-23,2022-06-22,SELL,4915,swing,shared_1m_account,200,56.6,55.468,15.808380000000001,33.2808,ma20_break
2022-06-23,2022-06-22,SELL,2317,swing,shared_1m_account,100,110.5,108.28999999999999,15.431325000000001,32.487,ma20_break
2022-06-23,2022-06-22,SELL,2891,swing,shared_1m_account,400,26.35,25.823,14.719110000000002,30.987600000000004,ma20_break
2022-07-06,2022-07-05,BUY,5876,swing,shared_1m_account,300,52.8,51.449999999999996,21.994874999999997,0.0,signal
2022-07-07,2022-07-06,SELL,5876,swing,shared_1m_account,300,48.9,47.922,20.486655,43.129799999999996,ma20_break
2022-07-08,2022-07-07,BUY,3045,swing,shared_1m_account,100,103.5,104.01749999999998,14.822493749999998,0.0,signal
2022-07-08,2022-07-07,BUY,2412,swing,shared_1m_account,100,127.0,124.95,17.805375,0.0,signal
2022-07-11,2022-07-08,SELL,3045,swing,shared_1m_account,100,103.0,100.94,14.38395,30.282,ma20_break
2022-07-11,2022-07-08,SELL,2412,swing,shared_1m_account,100,125.0,122.5,17.45625,36.75,ma20_break
2022-07-11,2022-07-08,BUY,3504,short,shared_1m_account,200,92.5,84.574,24.10359,0.0,signal
2022-07-11,2022-07-08,BUY,4904,swing,shared_1m_account,200,83.5,83.104,23.684639999999998,0.0,signal
2022-07-11,2022-07-08,BUY,6133,swing,shared_1m_account,1600,11.9,11.564,26.365920000000003,0.0,signal
2022-07-12,2022-07-11,SELL,4904,swing,shared_1m_account,200,82.5,80.85,23.04225,48.51,ma20_break
2022-07-12,2022-07-11,SELL,6133,swing,shared_1m_account,1600,11.25,11.025,25.137,52.92,ma20_break
2022-07-13,2022-07-12,SELL,3504,short,shared_1m_account,200,88.0,86.24,24.578400000000002,51.744,ma3_break
2022-07-28,2022-07-27,BUY,1102,swing,shared_1m_account,500,40.9,41.104499999999994,29.286956249999996,0.0,signal
2022-07-28,2022-07-27,BUY,1402,swing,shared_1m_account,800,30.4,30.551999999999996,34.82928,0.0,signal
2022-07-29,2022-07-28,SELL,1102,swing,shared_1m_account,500,41.0,40.18,28.62825,60.27,ma20_break
2022-07-29,2022-07-28,SELL,1402,swing,shared_1m_account,800,30.35,29.743000000000002,33.90702,71.3832,ma20_break
2022-08-02,2022-08-01,BUY,1216,swing,shared_1m_account,400,69.3,68.6,39.102,0.0,signal
2022-08-02,2022-08-01,BUY,8114,large,shared_1m_account,200,143.0,142.1,40.4985,0.0,signal
2022-08-03,2022-08-02,SELL,1216,swing,shared_1m_account,400,67.7,66.346,37.817220000000006,79.6152,ma20_break
2022-08-03,2022-08-02,BUY,3047,swing,shared_1m_account,600,12.9,12.642,10.808910000000001,0.0,signal
2022-08-03,2022-08-02,BUY,1708,swing,shared_1m_account,100,47.0,45.864,6.53562,0.0,signal
2022-08-04,2022-08-03,SELL,3047,swing,shared_1m_account,600,12.55,12.299000000000001,10.515645000000001,22.1382,ma20_break
2022-08-04,2022-08-03,SELL,1708,swing,shared_1m_account,100,45.5,44.589999999999996,6.354075,13.377,ma20_break
2022-08-18,2022-08-17,BUY,2344,swing,shared_1m_account,1200,22.3,22.000999999999998,37.62171,0.0,signal
2022-08-19,2022-08-18,SELL,2344,swing,shared_1m_account,1200,22.4,21.951999999999998,37.53792,79.0272,ma20_break
2022-08-23,2022-08-22,BUY,4915,swing,shared_1m_account,400,68.2,67.522,38.48754,0.0,signal
2022-08-24,2022-08-23,SELL,4915,swing,shared_1m_account,400,66.9,65.562,37.37034,78.6744,ma20_break
2022-09-07,2022-09-06,BUY,3481,swing,shared_1m_account,800,11.75,11.613,13.23882,0.0,signal
2022-09-08,2022-09-07,SELL,8114,large,shared_1m_account,200,156.0,152.88,43.5708,91.72800000000001,trail_10pct
2022-09-08,2022-09-07,SELL,3481,swing,shared_1m_account,800,11.9,11.662,13.294680000000001,27.9888,ma20_break
2022-09-13,2022-09-12,BUY,2834,swing,shared_1m_account,900,12.7,12.446,15.961995,0.0,signal
2022-09-14,2022-09-13,SELL,2834,swing,shared_1m_account,900,12.05,11.809000000000001,15.1450425,31.884300000000003,ma20_break
2022-09-14,2022-09-13,BUY,9907,swing,shared_1m_account,700,20.05,20.09,20.039775000000002,0.0,signal
2022-09-14,2022-09-13,BUY,3481,swing,shared_1m_account,1200,11.8,11.857999999999999,20.277179999999998,0.0,signal
2022-09-14,2022-09-13,BUY,8033,short,shared_1m_account,700,19.5,19.597499999999997,19.54850625,0.0,signal
2022-09-15,2022-09-14,SELL,3481,swing,shared_1m_account,1200,12.0,11.76,20.1096,42.336,ma20_break
2022-09-16,2022-09-15,SELL,9907,swing,shared_1m_account,700,20.35,19.943,19.8931425,41.880300000000005,ma20_break
2022-09-16,2022-09-15,SELL,8033,short,shared_1m_account,700,19.75,19.355,19.3066125,40.6455,ma3_break
2022-09-30,2022-09-29,BUY,1536,swing,shared_1m_account,100,89.4,89.376,12.736080000000001,0.0,signal
2022-09-30,2022-09-29,BUY,2376,swing,shared_1m_account,100,87.0,87.122,12.414885000000002,0.0,signal
2022-09-30,2022-09-29,BUY,2368,swing,shared_1m_account,100,84.9,84.28,12.0099,0.0,signal
2022-10-03,2022-09-30,SELL,2376,swing,shared_1m_account,100,87.8,86.044,12.26127,25.8132,ma20_break
2022-10-03,2022-09-30,BUY,2206,swing,shared_1m_account,400,38.05,37.534,21.39438,0.0,signal
2022-10-03,2022-09-30,BUY,3454,swing,shared_1m_account,100,132.0,131.81,18.782925000000002,0.0,signal
2022-10-03,2022-09-30,BUY,1402,swing,shared_1m_account,500,31.9,31.703,22.5883875,0.0,signal
2022-10-04,2022-10-03,SELL,1536,swing,shared_1m_account,100,91.9,90.062,12.833834999999999,27.018599999999996,ma20_break
2022-10-04,2022-10-03,SELL,2206,swing,shared_1m_account,400,38.1,37.338,21.282660000000003,44.805600000000005,ma20_break
2022-10-04,2022-10-03,SELL,3454,swing,shared_1m_account,100,133.0,130.34,18.57345,39.102000000000004,ma20_break
2022-10-04,2022-10-03,SELL,1402,swing,shared_1m_account,500,32.3,31.653999999999996,22.553475,47.480999999999995,ma20_break
2022-10-05,2022-10-04,BUY,9939,short,shared_1m_account,100,86.0,84.08399999999999,11.98197,0.0,signal
2022-10-06,2022-10-05,BUY,2376,swing,shared_1m_account,100,91.2,88.788,12.652289999999999,0.0,signal
2022-10-07,2022-10-06,SELL,9939,short,shared_1m_account,100,83.2,81.536,11.61888,24.460800000000003,box_failure
2022-10-07,2022-10-06,SELL,2376,swing,shared_1m_account,100,88.8,87.024,12.40092,26.1072,ma20_break
2022-10-12,2022-10-11,SELL,2368,swing,shared_1m_account,100,85.2,83.496,11.898180000000002,25.0488,ma20_break
2022-10-28,2022-10-27,BUY,2027,swing,shared_1m_account,600,38.5,38.073,32.552415,0.0,signal
2022-10-28,2022-10-27,BUY,8996,swing,shared_1m_account,200,113.0,113.19,32.25915,0.0,signal
2022-10-31,2022-10-28,SELL,2027,swing,shared_1m_account,600,37.95,37.191,31.798305000000003,66.94380000000001,ma20_break
2022-10-31,2022-10-28,SELL,8996,swing,shared_1m_account,200,114.0,111.72,31.8402,67.032,ma20_break
2022-11-16,2022-11-15,BUY,1605,short,shared_1m_account,2400,48.8,47.383,162.04986000000002,0.0,signal
2022-11-18,2022-11-17,SELL,1605,short,shared_1m_account,2400,43.65,42.777,146.29734000000002,307.99440000000004,ma3_break
2022-11-18,2022-11-17,BUY,2204,short,shared_1m_account,1200,47.25,46.746,79.93566000000001,0.0,signal
2022-11-21,2022-11-18,SELL,2204,short,shared_1m_account,1200,47.3,46.354,79.26534,166.87439999999998,box_failure
2022-12-05,2022-12-02,BUY,2353,swing,shared_1m_account,1100,24.9,24.451,38.3269425,0.0,signal
2022-12-06,2022-12-05,SELL,2353,swing,shared_1m_account,1100,23.85,23.373,36.63717750000001,77.13090000000001,ma20_break
2022-12-06,2022-12-05,BUY,3017,short,shared_1m_account,200,127.5,124.46,35.4711,0.0,signal
2022-12-06,2022-12-05,BUY,8028,large,shared_1m_account,500,63.4,62.622,44.618175,0.0,signal
2022-12-06,2022-12-05,BUY,1301,swing,shared_1m_account,300,88.8,87.318,37.328444999999995,0.0,signal
2022-12-07,2022-12-06,SELL,1301,swing,shared_1m_account,300,87.4,85.652,36.61623,77.0868,ma20_break
2022-12-07,2022-12-06,BUY,2337,swing,shared_1m_account,1000,34.15,33.81,48.17925,0.0,signal
2022-12-08,2022-12-07,SELL,3017,short,shared_1m_account,200,111.5,109.27,31.14195,65.562,box_failure
2022-12-08,2022-12-07,SELL,2337,swing,shared_1m_account,1000,33.2,32.536,46.363800000000005,97.608,ma20_break
2022-12-08,2022-12-07,BUY,1303,swing,shared_1m_account,600,74.6,73.696,63.01008,0.0,signal
2022-12-09,2022-12-08,SELL,1303,swing,shared_1m_account,600,73.4,71.932,61.50186000000001,129.47760000000002,ma20_break
2022-12-26,2022-12-23,BUY,6770,swing,shared_1m_account,800,33.35,32.63399999999999,37.20275999999999,0.0,signal
2022-12-27,2022-12-26,SELL,6770,swing,shared_1m_account,800,32.75,32.095,36.588300000000004,77.028,ma20_break
2022-12-28,2022-12-27,BUY,6770,swing,shared_1m_account,800,33.05,32.339999999999996,36.867599999999996,0.0,signal
2022-12-29,2022-12-28,SELL,8028,large,shared_1m_account,500,55.3,54.193999999999996,38.61322499999999,81.291,trail_10pct
2022-12-29,2022-12-28,SELL,6770,swing,shared_1m_account,800,31.9,31.261999999999997,35.63868,75.0288,ma20_break
2022-12-29,2022-12-28,BUY,6443,swing,shared_1m_account,1200,34.6,34.104,58.31784,0.0,signal
2022-12-30,2022-12-29,SELL,6443,swing,shared_1m_account,1200,34.5,33.81,57.8151,121.71600000000001,ma20_break
2023-01-31,2023-01-30,BUY,2887,short,shared_1m_account,4000,16.55,16.366,93.28620000000001,0.0,signal
2023-01-31,2023-01-30,BUY,2354,short,shared_1m_account,1200,55.2,54.291999999999994,92.83932,0.0,signal
2023-01-31,2023-01-30,BUY,2892,swing,shared_1m_account,2500,26.85,26.362,93.914625,0.0,signal
2023-02-01,2023-01-31,SELL,2354,short,shared_1m_account,1200,54.7,53.606,91.66626000000001,192.98160000000001,box_failure
2023-02-01,2023-01-31,SELL,2892,swing,shared_1m_account,2500,26.2,25.676,91.47075,192.57,ma20_break
2023-02-01,2023-01-31,BUY,1513,large,shared_1m_account,1300,80.8,79.38,147.05145000000002,0.0,signal
2023-02-02,2023-02-01,SELL,2887,short,shared_1m_account,4000,16.25,15.924999999999999,90.7725,191.1,ma3_break
2023-02-17,2023-02-16,BUY,2330,swing,shared_1m_account,100,524.0,517.4399999999999,73.73519999999999,0.0,signal
2023-02-20,2023-02-17,SELL,2330,swing,shared_1m_account,100,514.0,503.71999999999997,71.7801,151.116,ma20_break
2023-02-21,2023-02-20,BUY,9904,swing,shared_1m_account,1700,33.65,33.32,80.71770000000001,0.0,signal
2023-02-21,2023-02-20,BUY,3481,short,shared_1m_account,4100,14.75,14.504,84.73962,0.0,signal
2023-02-22,2023-02-21,SELL,9904,swing,shared_1m_account,1700,33.4,32.732,79.29327,166.9332,ma20_break
2023-02-22,2023-02-21,BUY,5222,short,shared_1m_account,400,154.5,153.85999999999999,87.7002,0.0,signal
2023-02-22,2023-02-21,BUY,4119,large,shared_1m_account,600,113.5,112.21,95.93955,0.0,signal
2023-02-23,2023-02-22,SELL,5222,short,shared_1m_account,400,150.0,147.0,83.79,176.4,box_failure
2023-02-24,2023-02-23,SELL,3481,short,shared_1m_account,4100,14.6,14.308,83.59449000000001,175.9884,ma3_break
2023-03-13,2023-03-10,BUY,8105,swing,shared_1m_account,3800,15.1,14.895999999999999,80.66184,0.0,signal
2023-03-13,2023-03-10,BUY,3189,swing,shared_1m_account,500,112.0,110.74,78.90225000000001,0.0,signal
2023-03-14,2023-03-13,SELL,8105,swing,shared_1m_account,3800,14.9,14.602,79.06983,166.4628,ma20_break
2023-03-14,2023-03-13,BUY,2376,swing,shared_1m_account,600,118.5,116.13,99.29115,0.0,signal
2023-03-14,2023-03-13,BUY,2353,swing,shared_1m_account,3000,25.45,25.186,107.67015,0.0,signal
2023-03-14,2023-03-13,BUY,2897,swing,shared_1m_account,8100,9.66,9.5256,109.94923800000001,0.0,signal
2023-03-15,2023-03-14,SELL,2376,swing,shared_1m_account,600,119.0,116.62,99.7101,209.916,ma20_break
2023-03-15,2023-03-14,SELL,2353,swing,shared_1m_account,3000,25.6,25.088,107.2512,225.792,ma20_break
2023-03-15,2023-03-14,SELL,2897,swing,shared_1m_account,8100,9.5,9.31,107.46067500000001,226.233,ma20_break
2023-03-16,2023-03-15,BUY,5607,short,shared_1m_account,800,64.4,63.602000000000004,72.50628,0.0,signal
2023-03-16,2023-03-15,BUY,3034,swing,shared_1m_account,100,408.0,409.64,58.3737,0.0,signal
2023-03-17,2023-03-16,BUY,2376,swing,shared_1m_account,500,121.0,117.11,83.440875,0.0,signal
2023-03-20,2023-03-17,SELL,2376,swing,shared_1m_account,500,118.5,116.13,82.742625,174.195,ma20_break
2023-03-20,2023-03-17,BUY,4104,short,shared_1m_account,1500,83.0,80.36,171.7695,0.0,signal
2023-03-21,2023-03-20,SELL,1513,large,shared_1m_account,1300,100.5,98.49,182.45272500000002,384.111,portfolio_dd_guard
2023-03-21,2023-03-20,SELL,4119,large,shared_1m_account,600,112.5,110.25,94.26375,198.45000000000002,portfolio_dd_guard
2023-03-22,2023-03-21,SELL,5607,short,shared_1m_account,800,67.7,66.346,75.63444000000001,159.2304,ma3_break
2023-03-22,2023-03-21,SELL,4104,short,shared_1m_account,1500,81.2,79.57600000000001,170.09370000000004,358.09200000000004,ma3_break
2023-03-29,2023-03-28,SELL,3189,swing,shared_1m_account,500,113.5,111.23,79.251375,166.845,ma20_break
2023-03-30,2023-03-29,SELL,3034,swing,shared_1m_account,100,416.5,408.17,58.164225,122.45100000000001,ma20_break
2023-04-07,2023-04-06,BUY,2436,short,shared_1m_account,1200,55.8,54.39,93.0069,0.0,signal
2023-04-07,2023-04-06,BUY,3004,large,shared_1m_account,700,96.3,92.904,92.67174,0.0,signal
2023-04-07,2023-04-06,BUY,2356,short,shared_1m_account,2000,33.9,33.222,94.6827,0.0,signal
2023-04-10,2023-04-07,SELL,2356,short,shared_1m_account,2000,31.7,31.066,88.5381,186.39600000000002,box_failure
2023-04-10,2023-04-07,BUY,3711,swing,shared_1m_account,700,110.0,108.28999999999999,108.01927500000001,0.0,signal
2023-04-11,2023-04-10,SELL,2436,short,shared_1m_account,1200,53.5,52.43,89.6553,188.748,ma3_break
2023-04-11,2023-04-10,SELL,3711,swing,shared_1m_account,700,109.0,106.82,106.55295000000001,224.322,ma20_break
2023-04-13,2023-04-12,BUY,8926,large,shared_1m_account,1400,46.0,44.982,89.73908999999999,0.0,signal
2023-04-25,2023-04-24,SELL,3004,large,shared_1m_account,700,110.5,108.28999999999999,108.01927500000001,227.409,trail_10pct
2023-04-27,2023-04-26,BUY,3715,swing,shared_1m_account,1900,23.5,23.03,62.353725000000004,0.0,signal
2023-04-28,2023-04-27,SELL,3715,swing,shared_1m_account,1900,24.0,23.52,63.6804,134.064,ma20_break
2023-05-03,2023-05-02,BUY,2480,short,shared_1m_account,400,110.0,109.27,62.2839,0.0,signal
2023-05-08,2023-05-05,SELL,2480,short,shared_1m_account,400,111.0,108.78,62.0046,130.536,ma3_break
2023-05-19,2023-05-18,BUY,3003,short,shared_1m_account,800,82.7,80.654,91.94556,0.0,signal
2023-05-19,2023-05-18,BUY,1795,short,shared_1m_account,200,344.0,332.21999999999997,94.6827,0.0,signal
2023-05-22,2023-05-19,SELL,3003,short,shared_1m_account,800,78.6,77.02799999999999,87.81192,184.8672,box_failure
2023-05-23,2023-05-22,SELL,1795,short,shared_1m_account,200,333.0,326.34,93.00689999999999,195.80399999999997,ma3_break
2023-05-23,2023-05-22,BUY,5531,short,shared_1m_account,6800,12.05,11.662,113.00478000000001,0.0,signal
2023-05-26,2023-05-24,BUY,2883,swing,shared_1m_account,4900,13.0,13.034,91.00990500000002,0.0,signal
2023-05-29,2023-05-26,SELL,5531,short,shared_1m_account,6800,11.9,11.662,113.00478000000001,237.90480000000002,ma3_break
2023-05-29,2023-05-26,SELL,2883,swing,shared_1m_account,4900,12.9,12.642,88.27276499999999,185.8374,ma20_break
2023-06-13,2023-06-12,BUY,6288,short,shared_1m_account,1800,36.25,35.868,92.00142000000001,0.0,signal
2023-06-13,2023-06-12,BUY,2436,short,shared_1m_account,1100,60.5,59.29,92.93707500000001,0.0,signal
2023-06-15,2023-06-14,SELL,6288,short,shared_1m_account,1800,34.15,33.467,85.842855,180.7218,box_failure
2023-06-15,2023-06-14,SELL,2436,short,shared_1m_account,1100,56.0,54.879999999999995,86.02439999999999,181.10399999999998,box_failure
2023-06-15,2023-06-14,BUY,6166,short,shared_1m_account,1400,78.5,75.46,150.5427,0.0,signal
2023-06-15,2023-06-14,BUY,2634,swing,shared_1m_account,2000,56.1,54.879999999999995,156.408,0.0,signal
2023-06-19,2023-06-16,SELL,6166,short,shared_1m_account,1400,72.0,70.56,140.7672,296.35200000000003,box_failure
2023-06-19,2023-06-16,BUY,2498,swing,shared_1m_account,1000,60.3,59.29,84.48825000000001,0.0,signal
2023-06-20,2023-06-19,SELL,2498,swing,shared_1m_account,1000,59.2,58.016,82.67280000000001,174.048,ma20_break
2023-06-28,2023-06-27,SELL,2634,swing,shared_1m_account,2000,60.2,58.996,168.1386,353.976,trail_8pct
2023-07-05,2023-07-04,BUY,2312,short,shared_1m_account,4000,16.35,16.023,91.3311,0.0,signal
2023-07-06,2023-07-05,SELL,2312,short,shared_1m_account,4000,15.65,15.337,87.4209,184.044,box_failure
2023-07-06,2023-07-05,BUY,4566,short,shared_1m_account,1100,68.7,69.0435,108.22568625,0.0,signal
2023-07-06,2023-07-05,BUY,6414,large,shared_1m_account,200,300.5,293.02,83.5107,0.0,signal
2023-07-07,2023-07-06,SELL,4566,short,shared_1m_account,1100,66.5,65.17,102.153975,215.061,box_failure
2023-07-07,2023-07-06,BUY,6116,swing,shared_1m_account,6000,13.4,13.132,112.2786,0.0,signal
2023-07-07,2023-07-06,BUY,1905,swing,shared_1m_account,2800,28.2,27.685,110.46315,0.0,signal
2023-07-10,2023-07-07,SELL,6116,swing,shared_1m_account,6000,13.15,12.887,110.18385,231.966,ma20_break
2023-07-10,2023-07-07,BUY,2324,swing,shared_1m_account,2700,29.45,28.616,110.10006,0.0,signal
2023-07-10,2023-07-07,BUY,1907,swing,shared_1m_account,2100,37.0,36.113,108.06815250000001,0.0,signal
2023-07-11,2023-07-10,SELL,1905,swing,shared_1m_account,2800,28.0,27.439999999999998,109.4856,230.496,ma20_break
2023-07-11,2023-07-10,SELL,2324,swing,shared_1m_account,2700,28.6,28.028000000000002,107.83773000000001,227.0268,ma20_break
2023-07-11,2023-07-10,SELL,1907,swing,shared_1m_account,2100,36.95,36.211000000000006,108.36141750000002,228.12930000000003,ma20_break
2023-07-12,2023-07-11,SELL,8926,large,shared_1m_account,1400,52.7,51.646,103.03376999999999,216.9132,max_60_days
2023-07-12,2023-07-11,BUY,2481,short,shared_1m_account,900,79.6,77.42,99.29115,0.0,signal
2023-07-14,2023-07-13,SELL,2481,short,shared_1m_account,900,76.0,74.48,95.5206,201.096,ma3_break
2023-07-26,2023-07-25,BUY,6213,short,shared_1m_account,1000,89.0,84.182,119.95935,0.0,signal
2023-07-26,2023-07-25,BUY,3704,swing,shared_1m_account,1600,56.4,54.684,124.67952,0.0,signal
2023-07-26,2023-07-25,BUY,2402,swing,shared_1m_account,2600,35.5,34.398,127.44459,0.0,signal
2023-07-27,2023-07-26,SELL,3704,swing,shared_1m_account,1600,55.7,54.586,124.45607999999999,262.01279999999997,ma20_break
2023-07-27,2023-07-26,SELL,2402,swing,shared_1m_account,2600,34.5,33.81,125.26605,263.718,ma20_break
2023-07-28,2023-07-27,SELL,6213,short,shared_1m_account,1000,83.7,82.026,116.88705,246.078,ma3_break
2023-07-28,2023-07-27,BUY,2913,short,shared_1m_account,2900,26.1,24.99,103.271175,0.0,signal
2023-07-31,2023-07-28,BUY,2352,swing,shared_1m_account,1200,52.4,50.47,86.3037,0.0,signal
2023-07-31,2023-07-28,BUY,3715,swing,shared_1m_account,1900,32.6,31.605,85.5705375,0.0,signal
2023-08-01,2023-07-31,SELL,2352,swing,shared_1m_account,1200,49.9,48.902,83.62242,176.0472,ma20_break
2023-08-01,2023-07-31,SELL,3715,swing,shared_1m_account,1900,31.5,30.87,83.58052500000001,175.959,ma20_break
2023-08-01,2023-07-31,BUY,3257,short,shared_1m_account,1400,85.9,85.35799999999999,170.28920999999997,0.0,signal
2023-08-01,2023-07-31,BUY,3346,swing,shared_1m_account,2300,53.1,51.449999999999996,168.62737499999997,0.0,signal
2023-08-02,2023-08-01,SELL,3257,short,shared_1m_account,1400,79.8,78.204,156.01698,328.4568,box_failure
2023-08-02,2023-08-01,SELL,3346,swing,shared_1m_account,2300,50.7,49.686,162.845865,342.83340000000004,ma20_break
2023-08-02,2023-08-01,BUY,2449,swing,shared_1m_account,1100,61.7,60.368,94.62684,0.0,signal
2023-08-04,2023-08-02,SELL,2449,swing,shared_1m_account,1100,60.0,58.8,92.169,194.04,ma20_break
2023-08-07,2023-08-04,SELL,6414,large,shared_1m_account,200,288.5,282.73,80.57805,169.638,trail_10pct
2023-08-08,2023-08-07,SELL,2913,short,shared_1m_account,2900,27.25,26.705,110.3584125,232.33350000000002,ma3_break
2023-08-21,2023-08-18,BUY,2301,swing,shared_1m_account,300,147.5,143.07999999999998,61.16669999999999,0.0,signal
2023-08-22,2023-08-21,SELL,2301,swing,shared_1m_account,300,149.0,146.02,62.42355,131.418,ma20_break
2023-08-22,2023-08-21,BUY,2634,swing,shared_1m_account,1100,55.6,54.39,85.256325,0.0,signal
2023-09-07,2023-09-06,BUY,2313,short,shared_1m_account,900,50.4,49.391999999999996,63.34524,0.0,signal
2023-09-07,2023-09-06,BUY,2332,swing,shared_1m_account,2000,23.9,23.373,66.61305,0.0,signal
2023-09-08,2023-09-07,SELL,2313,short,shared_1m_account,900,49.3,48.31399999999999,61.96270499999999,130.44779999999997,box_failure
2023-09-08,2023-09-07,SELL,2332,swing,shared_1m_account,2000,23.15,22.686999999999998,64.65794999999999,136.12199999999999,ma20_break
2023-09-11,2023-09-08,BUY,8210,swing,shared_1m_account,300,216.5,214.13,91.540575,0.0,signal
2023-09-11,2023-09-08,BUY,2353,swing,shared_1m_account,1900,37.95,36.848,99.76595999999999,0.0,signal
2023-09-12,2023-09-11,SELL,8210,swing,shared_1m_account,300,195.5,191.59,81.904725,172.431,ma20_break
2023-09-12,2023-09-11,SELL,2353,swing,shared_1m_account,1900,36.9,36.162,97.90861500000001,206.1234,ma20_break
2023-09-12,2023-09-11,BUY,3035,swing,shared_1m_account,100,351.0,339.57,48.388725,0.0,signal
2023-09-12,2023-09-11,BUY,2383,swing,shared_1m_account,100,435.0,428.26,61.02705,0.0,signal
2023-09-13,2023-09-12,SELL,3035,swing,shared_1m_account,100,328.0,321.44,45.8052,96.432,ma20_break
2023-09-13,2023-09-12,SELL,2383,swing,shared_1m_account,100,431.0,422.38,60.189150000000005,126.714,ma20_break
2023-09-13,2023-09-12,BUY,1515,short,shared_1m_account,1500,44.4,42.728,91.3311,0.0,signal
2023-09-15,2023-09-14,SELL,2634,swing,shared_1m_account,1100,59.3,58.114,91.093695,191.7762,ma20_break
2023-09-19,2023-09-18,SELL,1515,short,shared_1m_account,1500,43.7,42.826,91.540575,192.717,ma3_break
2023-09-28,2023-09-27,BUY,2408,swing,shared_1m_account,600,67.8,68.139,58.258844999999994,0.0,signal
2023-09-28,2023-09-27,BUY,3044,swing,shared_1m_account,200,197.5,192.57,54.88245,0.0,signal
2023-10-02,2023-09-28,SELL,2408,swing,shared_1m_account,600,67.3,65.954,56.39066999999999,118.71719999999999,ma20_break
2023-10-02,2023-09-28,SELL,3044,swing,shared_1m_account,200,200.0,196.0,55.86,117.60000000000001,ma20_break
2023-10-03,2023-10-02,BUY,2355,short,shared_1m_account,1000,42.1,41.65,59.35125,0.0,signal
2023-10-04,2023-10-03,BUY,3006,short,shared_1m_account,400,87.4,87.837,50.06709000000001,0.0,signal
2023-10-04,2023-10-03,BUY,2449,swing,shared_1m_account,500,75.7,76.07849999999999,54.20593124999999,0.0,signal
2023-10-04,2023-10-03,BUY,2886,swing,shared_1m_account,1100,37.15,36.897,57.8360475,0.0,signal
2023-10-04,2023-10-03,BUY,2313,swing,shared_1m_account,800,51.3,50.96,58.0944,0.0,signal
2023-10-04,2023-10-03,BUY,2353,swing,shared_1m_account,1100,36.7,36.505,57.221587500000005,0.0,signal
2023-10-05,2023-10-04,SELL,2355,short,shared_1m_account,1000,41.0,40.18,57.2565,120.54,ma3_break
2023-10-05,2023-10-04,SELL,3006,short,shared_1m_account,400,89.3,87.514,49.882979999999996,105.0168,box_failure
2023-10-05,2023-10-04,SELL,2449,swing,shared_1m_account,500,77.6,76.04799999999999,54.18419999999999,114.07199999999997,ma20_break
2023-10-05,2023-10-04,SELL,2886,swing,shared_1m_account,1100,37.05,36.309,56.914357499999994,119.81969999999998,ma20_break
2023-10-05,2023-10-04,SELL,2313,swing,shared_1m_account,800,52.9,51.842,59.09988,124.4208,ma20_break
2023-10-05,2023-10-04,SELL,2353,swing,shared_1m_account,1100,36.6,35.868,56.223090000000006,118.36440000000002,ma20_break
2023-10-06,2023-10-05,BUY,1324,short,shared_1m_account,2600,16.3,15.68,58.0944,0.0,signal
2023-10-12,2023-10-11,SELL,1324,short,shared_1m_account,2600,15.85,15.533,57.549764999999994,121.1574,ma3_break
2023-10-24,2023-10-23,BUY,1319,swing,shared_1m_account,700,78.9,77.322,77.12869500000001,0.0,signal
2023-10-25,2023-10-24,SELL,1319,swing,shared_1m_account,700,79.2,77.616,77.42196,162.9936,ma20_break
2023-10-25,2023-10-24,BUY,8110,short,shared_1m_account,2900,16.8,16.023,66.2150475,0.0,signal
2023-10-25,2023-10-24,BUY,2305,short,shared_1m_account,1800,26.35,26.068,66.86442000000001,0.0,signal
2023-10-26,2023-10-25,SELL,2305,short,shared_1m_account,1800,25.6,25.088,64.35072000000001,135.4752,box_failure
2023-10-26,2023-10-25,BUY,2330,swing,shared_1m_account,200,530.0,532.65,151.80525,0.0,signal
2023-10-27,2023-10-26,SELL,8110,short,shared_1m_account,2900,16.35,16.023,66.2150475,139.40009999999998,ma3_break
2023-10-27,2023-10-26,SELL,2330,swing,shared_1m_account,200,534.0,523.3199999999999,149.1462,313.99199999999996,ma20_break
2023-10-30,2023-10-27,BUY,6216,short,shared_1m_account,700,40.05,36.848,36.75588,0.0,signal
2023-10-31,2023-10-30,BUY,2486,swing,shared_1m_account,200,48.8,47.383,13.504155,0.0,signal
2023-10-31,2023-10-30,BUY,2449,swing,shared_1m_account,100,80.2,77.91,11.102175,0.0,signal
2023-10-31,2023-10-30,BUY,2329,swing,shared_1m_account,200,43.55,42.287,12.051795,0.0,signal
2023-10-31,2023-10-30,BUY,4960,swing,shared_1m_account,900,13.3,12.838,16.464734999999997,0.0,signal
2023-11-01,2023-10-31,SELL,6216,short,shared_1m_account,700,36.0,35.28,35.1918,74.08800000000001,ma3_break
2023-11-01,2023-10-31,SELL,2486,swing,shared_1m_account,200,47.3,46.354,13.21089,27.812399999999997,ma20_break
2023-11-01,2023-10-31,SELL,2449,swing,shared_1m_account,100,76.9,75.36200000000001,10.739085000000001,22.608600000000003,ma20_break
2023-11-01,2023-10-31,SELL,2329,swing,shared_1m_account,200,41.95,41.111000000000004,11.716635000000002,24.666600000000003,ma20_break
2023-11-01,2023-10-31,SELL,4960,swing,shared_1m_account,900,12.45,12.200999999999999,15.6477825,32.9427,ma20_break
2023-11-14,2023-11-13,BUY,3036,swing,shared_1m_account,500,125.0,122.5,87.28125,0.0,signal
2023-11-15,2023-11-14,BUY,3702,swing,shared_1m_account,900,71.2,69.286,88.859295,0.0,signal
2023-11-16,2023-11-15,SELL,3702,swing,shared_1m_account,900,69.5,68.11,87.35107500000001,183.897,ma20_break
2023-11-16,2023-11-15,BUY,2516,large,shared_1m_account,7000,10.3,9.849,98.243775,0.0,signal
2023-11-16,2023-11-15,BUY,9927,short,shared_1m_account,1000,68.9,67.42399999999999,96.07919999999999,0.0,signal
2023-11-17,2023-11-16,SELL,3036,swing,shared_1m_account,500,118.0,115.64,82.3935,173.46,ma20_break
2023-11-20,2023-11-17,SELL,9927,short,shared_1m_account,1000,68.2,66.836,95.24130000000001,200.508,ma3_break
2023-11-21,2023-11-20,BUY,3059,short,shared_1m_account,1400,40.45,38.464999999999996,76.737675,0.0,signal
2023-11-27,2023-11-24,SELL,3059,short,shared_1m_account,1400,40.25,39.445,78.692775,165.669,ma3_break
2023-11-28,2023-11-27,SELL,2516,large,shared_1m_account,7000,12.25,12.004999999999999,119.749875,252.10500000000002,trail_10pct
2023-12-06,2023-12-05,BUY,2605,short,shared_1m_account,2100,28.0,28.139999999999997,84.20894999999999,0.0,signal
2023-12-06,2023-12-05,BUY,3712,large,shared_1m_account,1500,38.55,37.778999999999996,80.7526125,0.0,signal
2023-12-07,2023-12-06,BUY,1618,short,shared_1m_account,1800,33.7,32.63399999999999,83.70620999999998,0.0,signal
2023-12-07,2023-12-06,BUY,2399,short,shared_1m_account,2300,27.0,25.872,84.79548,0.0,signal
2023-12-08,2023-12-07,SELL,2605,short,shared_1m_account,2100,28.2,27.636,82.70073000000001,174.1068,ma3_break
2023-12-08,2023-12-07,SELL,1618,short,shared_1m_account,1800,31.5,30.87,79.18155,166.698,box_failure
2023-12-08,2023-12-07,SELL,2399,short,shared_1m_account,2300,25.5,24.99,81.904725,172.431,box_failure
2023-12-11,2023-12-08,BUY,4904,swing,shared_1m_account,700,81.1,79.96799999999999,79.76807999999998,0.0,signal
2023-12-12,2023-12-11,SELL,4904,swing,shared_1m_account,700,80.7,79.086,78.888285,166.0806,ma20_break
2023-12-12,2023-12-11,BUY,9927,large,shared_1m_account,900,74.9,73.01,93.63532500000001,0.0,signal
2023-12-12,2023-12-11,BUY,3545,swing,shared_1m_account,600,121.0,117.11,100.12905,0.0,signal
2023-12-13,2023-12-12,SELL,3545,swing,shared_1m_account,600,119.0,116.62,99.7101,209.916,ma20_break
2023-12-20,2023-12-19,SELL,3712,large,shared_1m_account,1500,38.25,37.485,80.1241875,168.6825,trail_10pct
2023-12-28,2023-12-27,BUY,8039,short,shared_1m_account,1100,50.7,49.784,78.03642,0.0,signal
2023-12-29,2023-12-28,BUY,3706,large,shared_1m_account,1300,45.0,44.1,81.69525,0.0,signal
2024-01-02,2023-12-29,SELL,8039,short,shared_1m_account,1100,49.0,48.019999999999996,75.27135,158.46599999999998,ma3_break
2024-01-03,2024-01-02,BUY,6239,swing,shared_1m_account,400,135.0,133.77,76.2489,0.0,signal
2024-01-03,2024-01-02,BUY,6214,large,shared_1m_account,500,117.5,115.14999999999999,82.04437499999999,0.0,signal
2024-01-03,2024-01-02,BUY,1216,swing,shared_1m_account,700,73.3,72.618,72.436455,0.0,signal
2024-01-04,2024-01-03,SELL,6239,swing,shared_1m_account,400,135.5,132.79,75.69030000000001,159.348,ma20_break
2024-01-04,2024-01-03,SELL,1216,swing,shared_1m_account,700,72.6,71.148,70.97013,149.4108,ma20_break
2024-01-04,2024-01-03,SELL,9927,large,shared_1m_account,900,69.9,68.50200000000001,87.85381500000001,184.95540000000003,portfolio_dd_guard
2024-01-17,2024-01-16,BUY,1528,short,shared_1m_account,7200,15.7,14.895999999999999,152.83296,0.0,signal
2024-01-17,2024-01-16,BUY,2376,swing,shared_1m_account,400,265.0,256.27,146.0739,0.0,signal
2024-01-17,2024-01-16,BUY,2303,swing,shared_1m_account,2100,50.0,49.784,148.97862,0.0,signal
2024-01-18,2024-01-17,SELL,2376,swing,shared_1m_account,400,258.0,252.84,144.1188,303.408,ma20_break
2024-01-18,2024-01-17,SELL,2303,swing,shared_1m_account,2100,48.6,47.628,142.52679,300.0564,ma20_break
2024-01-19,2024-01-18,SELL,1528,short,shared_1m_account,7200,14.45,14.161,145.29186,305.8776,ma3_break
2024-01-23,2024-01-22,BUY,2376,short,shared_1m_account,200,297.0,291.55,83.09175,0.0,signal
2024-01-23,2024-01-22,BUY,3231,short,shared_1m_account,700,116.0,114.17,113.884575,0.0,signal
2024-01-24,2024-01-23,BUY,2460,short,shared_1m_account,1500,33.55,33.123999999999995,70.80255,0.0,signal
2024-01-25,2024-01-24,SELL,2376,short,shared_1m_account,200,298.0,292.04,83.23140000000001,175.22400000000002,ma3_break
2024-01-25,2024-01-24,SELL,3231,short,shared_1m_account,700,118.0,115.64,115.35090000000001,242.844,ma3_break
2024-01-25,2024-01-24,SELL,3706,large,shared_1m_account,1300,46.65,45.717,84.6907425,178.2963,portfolio_dd_guard
2024-01-26,2024-01-25,SELL,2460,short,shared_1m_account,1500,32.05,31.408999999999995,67.1367375,141.3405,ma3_break
2024-02-19,2024-02-16,BUY,9914,short,shared_1m_account,200,195.5,194.53,55.441050000000004,0.0,signal
2024-02-19,2024-02-16,BUY,3706,swing,shared_1m_account,1200,45.65,44.688,76.41648,0.0,signal
2024-02-19,2024-02-16,BUY,3450,short,shared_1m_account,800,71.2,69.286,78.98604,0.0,signal
2024-02-19,2024-02-16,BUY,5306,short,shared_1m_account,300,147.0,144.06,61.58565,0.0,signal
2024-02-20,2024-02-19,SELL,3706,swing,shared_1m_account,1200,44.15,43.266999999999996,73.98657,155.76119999999997,ma20_break
2024-02-21,2024-02-20,SELL,9914,short,shared_1m_account,200,197.0,193.06,55.0221,115.836,ma3_break
2024-02-21,2024-02-20,SELL,3450,short,shared_1m_account,800,69.7,68.306,77.86883999999999,163.93439999999998,ma3_break
2024-02-21,2024-02-20,BUY,2049,short,shared_1m_account,400,259.5,251.37,143.2809,0.0,signal
2024-02-22,2024-02-21,SELL,5306,short,shared_1m_account,300,145.5,142.59,60.957225,128.331,ma3_break
2024-02-23,2024-02-22,BUY,2313,short,shared_1m_account,600,82.0,78.49799999999999,67.11578999999999,0.0,signal
2024-02-23,2024-02-22,BUY,2385,short,shared_1m_account,200,191.0,186.2,53.067,0.0,signal
2024-02-26,2024-02-23,SELL,2049,short,shared_1m_account,400,254.5,249.41,142.1637,299.29200000000003,ma3_break
2024-02-26,2024-02-23,SELL,2385,short,shared_1m_account,200,185.0,181.29999999999998,51.670500000000004,108.78,box_failure
2024-02-27,2024-02-26,SELL,2313,short,shared_1m_account,600,77.4,75.852,64.85346000000001,136.5336,box_failure
2024-03-13,2024-03-12,BUY,6605,short,shared_1m_account,300,170.0,165.62,70.80255,0.0,signal
2024-03-14,2024-03-13,BUY,3042,short,shared_1m_account,400,118.0,114.66,65.3562,0.0,signal
2024-03-14,2024-03-13,BUY,9958,swing,shared_1m_account,200,248.0,241.07999999999998,68.7078,0.0,signal
2024-03-14,2024-03-13,BUY,1316,swing,shared_1m_account,2900,20.0,19.256999999999998,79.57955249999999,0.0,signal
2024-03-15,2024-03-14,SELL,9958,swing,shared_1m_account,200,230.0,225.4,64.239,135.24,ma20_break
2024-03-15,2024-03-14,BUY,2247,short,shared_1m_account,200,316.5,311.64,88.8174,0.0,signal
2024-03-15,2024-03-14,BUY,2606,swing,shared_1m_account,1700,53.8,52.724,127.72388999999998,0.0,signal
2024-03-18,2024-03-15,SELL,3042,short,shared_1m_account,400,114.5,112.21,63.959700000000005,134.65200000000002,ma3_break
2024-03-18,2024-03-15,SELL,1316,swing,shared_1m_account,2900,20.2,19.796,81.80697,172.2252,ma20_break
2024-03-18,2024-03-15,SELL,2606,swing,shared_1m_account,1700,52.9,51.842,125.587245,264.3942,ma20_break
2024-03-19,2024-03-18,SELL,2247,short,shared_1m_account,200,312.0,305.76,87.1416,183.45600000000002,ma3_break
2024-03-25,2024-03-22,SELL,6605,short,shared_1m_account,300,202.0,197.96,84.6279,178.16400000000002,ma3_break
2024-04-01,2024-03-29,BUY,3042,swing,shared_1m_account,500,112.5,110.74,78.90225000000001,0.0,signal
2024-04-02,2024-04-01,SELL,3042,swing,shared_1m_account,500,111.5,109.27,77.854875,163.905,ma20_break
2024-04-09,2024-04-08,BUY,6239,swing,shared_1m_account,200,190.5,186.2,53.067,0.0,signal
2024-04-10,2024-04-09,SELL,6214,large,shared_1m_account,500,126.0,123.48,87.9795,185.22,max_60_days
2024-04-10,2024-04-09,SELL,6239,swing,shared_1m_account,200,185.5,181.79,51.81015,109.074,ma20_break
2024-04-10,2024-04-09,BUY,1736,short,shared_1m_account,1100,76.8,75.55799999999999,118.437165,0.0,signal
2024-04-10,2024-04-09,BUY,8112,large,shared_1m_account,1000,82.8,81.83,116.60775000000001,0.0,signal
2024-04-16,2024-04-15,SELL,1736,short,shared_1m_account,1100,76.2,74.676,117.05463000000002,246.43080000000003,ma3_break
2024-04-25,2024-04-24,BUY,1795,swing,shared_1m_account,100,322.5,314.09,44.757825,0.0,signal
2024-04-26,2024-04-25,SELL,1795,swing,shared_1m_account,100,314.0,307.71999999999997,43.8501,92.31599999999999,ma20_break
2024-04-26,2024-04-25,BUY,6491,large,shared_1m_account,100,524.0,509.59999999999997,72.61800000000001,0.0,signal
2024-04-30,2024-04-29,BUY,8039,short,shared_1m_account,1000,52.5,51.449999999999996,73.31625,0.0,signal
2024-05-03,2024-05-02,SELL,8039,short,shared_1m_account,1000,52.4,51.352,73.17660000000001,154.056,ma3_break
2024-05-10,2024-05-09,SELL,8112,large,shared_1m_account,1000,83.5,81.83,116.60775000000001,245.49,trail_10pct
2024-05-17,2024-05-16,BUY,3059,short,shared_1m_account,1300,45.8,43.022,79.698255,0.0,signal
2024-05-20,2024-05-17,SELL,3059,short,shared_1m_account,1300,42.25,41.405,76.7027625,161.4795,box_failure
2024-05-20,2024-05-17,BUY,1720,short,shared_1m_account,900,77.7,70.65799999999999,90.61888499999999,0.0,signal
2024-05-20,2024-05-17,BUY,4976,short,shared_1m_account,1400,48.7,47.481,94.72459500000002,0.0,signal
2024-05-21,2024-05-20,BUY,2618,swing,shared_1m_account,1400,36.35,35.672,71.16564,0.0,signal
2024-05-21,2024-05-20,BUY,2392,short,shared_1m_account,900,58.0,57.33,73.52572500000001,0.0,signal
2024-05-22,2024-05-21,SELL,1720,short,shared_1m_account,900,72.0,70.56,90.4932,190.512,ma3_break
2024-05-22,2024-05-21,SELL,4976,short,shared_1m_account,1400,46.6,45.668,91.10766,191.8056,ma3_break
2024-05-22,2024-05-21,SELL,2618,swing,shared_1m_account,1400,36.05,35.32899999999999,70.481355,148.38179999999997,ma20_break
2024-05-23,2024-05-22,BUY,2105,short,shared_1m_account,900,58.3,58.114,74.531205,0.0,signal
2024-05-23,2024-05-22,BUY,2353,short,shared_1m_account,1000,54.4,51.94,74.0145,0.0,signal
2024-05-27,2024-05-24,SELL,6491,large,shared_1m_account,100,479.0,469.42,66.89235000000001,140.826,trail_10pct
2024-05-27,2024-05-24,SELL,2105,short,shared_1m_account,900,58.7,57.526,73.777095,155.3202,ma3_break
2024-05-29,2024-05-28,SELL,2392,short,shared_1m_account,900,76.4,74.872,96.02334,202.1544,flow_cools
2024-05-29,2024-05-28,SELL,2353,short,shared_1m_account,1000,56.8,55.663999999999994,79.32119999999999,166.992,ma3_break
2024-06-06,2024-06-05,BUY,2611,large,shared_1m_account,1600,34.85,33.516000000000005,76.41648,0.0,signal
2024-06-11,2024-06-07,BUY,3033,swing,shared_1m_account,1500,38.15,37.485,80.1241875,0.0,signal
2024-06-12,2024-06-11,SELL,3033,swing,shared_1m_account,1500,37.7,36.946000000000005,78.97207500000002,166.25700000000003,ma20_break
2024-06-12,2024-06-11,BUY,6192,short,shared_1m_account,500,125.0,122.00999999999999,86.932125,0.0,signal
2024-06-12,2024-06-11,BUY,2617,swing,shared_1m_account,1800,37.7,36.75,94.26375,0.0,signal
2024-06-12,2024-06-11,BUY,3047,large,shared_1m_account,2600,26.55,26.019000000000002,96.40039500000002,0.0,signal
2024-06-12,2024-06-11,BUY,2915,swing,shared_1m_account,1000,69.0,68.11,97.05675000000001,0.0,signal
2024-06-13,2024-06-12,SELL,2617,swing,shared_1m_account,1800,36.65,35.916999999999994,92.12710499999999,193.9518,ma20_break
2024-06-13,2024-06-12,SELL,2915,swing,shared_1m_account,1000,68.5,67.13,95.66025,201.39000000000001,ma20_break
2024-06-14,2024-06-13,BUY,2367,swing,shared_1m_account,1400,37.6,36.456,72.72972,0.0,signal
2024-06-17,2024-06-14,SELL,2367,swing,shared_1m_account,1400,36.0,35.28,70.3836,148.17600000000002,ma20_break
2024-06-19,2024-06-18,SELL,6192,short,shared_1m_account,500,125.5,122.99,87.630375,184.485,ma3_break
2024-07-01,2024-06-28,BUY,3024,short,shared_1m_account,2300,23.4,22.834,74.838435,0.0,signal
2024-07-01,2024-06-28,BUY,2882,swing,shared_1m_account,900,57.9,57.82,74.15415,0.0,signal
2024-07-02,2024-07-01,SELL,3024,short,shared_1m_account,2300,22.8,22.344,73.23246,154.17360000000002,box_failure
2024-07-02,2024-07-01,SELL,2882,swing,shared_1m_account,900,57.8,56.644,72.64593,152.9388,ma20_break
2024-07-03,2024-07-02,SELL,2611,large,shared_1m_account,1600,29.65,29.057,66.24996,139.4736,trail_10pct
2024-07-03,2024-07-02,BUY,6443,short,shared_1m_account,2000,31.9,30.723000000000003,87.56055000000002,0.0,signal
2024-07-03,2024-07-02,BUY,6477,short,shared_1m_account,1300,48.0,46.06,85.32615,0.0,signal
2024-07-04,2024-07-03,BUY,3050,short,shared_1m_account,2000,24.7,24.401999999999997,69.5457,0.0,signal
2024-07-05,2024-07-04,SELL,6477,short,shared_1m_account,1300,46.0,45.08,83.5107,175.812,ma3_break
2024-07-05,2024-07-04,SELL,3050,short,shared_1m_account,2000,24.0,23.52,67.032,141.12,box_failure
2024-07-05,2024-07-04,BUY,2809,swing,shared_1m_account,1500,63.8,62.426,133.435575,0.0,signal
2024-07-08,2024-07-05,SELL,2809,swing,shared_1m_account,1500,62.6,61.348,131.13135,276.06600000000003,ma20_break
2024-07-09,2024-07-08,SELL,6443,short,shared_1m_account,2000,31.6,30.968,88.25880000000001,185.808,ma3_break
2024-07-19,2024-07-18,SELL,3047,large,shared_1m_account,2600,41.45,40.621,150.500805,316.84380000000004,trail_10pct
2024-07-19,2024-07-18,BUY,2206,swing,shared_1m_account,700,80.6,79.086,78.888285,0.0,signal
2024-07-19,2024-07-18,BUY,6239,swing,shared_1m_account,300,195.5,191.1,81.69525,0.0,signal
2024-07-22,2024-07-19,SELL,2206,swing,shared_1m_account,700,78.7,77.126,76.93318500000001,161.96460000000002,ma20_break
2024-07-22,2024-07-19,SELL,6239,swing,shared_1m_account,300,187.0,183.26,78.34365,164.934,ma20_break
2024-07-22,2024-07-19,BUY,2308,swing,shared_1m_account,200,394.5,391.02,111.4407,0.0,signal
2024-07-22,2024-07-19,BUY,2881,swing,shared_1m_account,1000,85.7,84.37799999999999,120.23864999999998,0.0,signal
2024-07-22,2024-07-19,BUY,1503,swing,shared_1m_account,300,298.5,287.14,122.75235,0.0,signal
2024-07-22,2024-07-19,BUY,2882,swing,shared_1m_account,1400,62.1,61.348,122.38926000000001,0.0,signal
2024-07-23,2024-07-22,SELL,2308,swing,shared_1m_account,200,380.0,372.4,106.134,223.44,ma20_break
2024-07-23,2024-07-22,SELL,2881,swing,shared_1m_account,1000,83.9,82.22200000000001,117.16635000000002,246.66600000000005,ma20_break
2024-07-23,2024-07-22,SELL,1503,swing,shared_1m_account,300,285.5,279.79,119.610225,251.811,ma20_break
2024-07-23,2024-07-22,SELL,2882,swing,shared_1m_account,1400,61.1,59.878,119.45661,251.4876,ma20_break
2024-07-26,2024-07-23,BUY,2881,swing,shared_1m_account,600,83.8,83.78999999999999,71.64044999999999,0.0,signal
2024-07-26,2024-07-23,BUY,2890,swing,shared_1m_account,2100,26.0,26.116999999999997,78.1551225,0.0,signal
2024-07-26,2024-07-23,BUY,2882,swing,shared_1m_account,900,59.7,59.9985,76.94807625,0.0,signal
2024-07-26,2024-07-23,BUY,2368,swing,shared_1m_account,200,204.0,205.01999999999998,58.4307,0.0,signal
2024-07-26,2024-07-23,BUY,1536,swing,shared_1m_account,900,61.1,61.405499999999996,78.75255375,0.0,signal
2024-07-26,2024-07-23,BUY,2884,swing,shared_1m_account,2100,26.45,26.582249999999995,79.547383125,0.0,signal
2024-07-26,2024-07-23,BUY,1514,swing,shared_1m_account,300,147.0,147.73499999999999,63.15671249999999,0.0,signal
2024-07-29,2024-07-26,SELL,2881,swing,shared_1m_account,600,86.0,84.28,72.0594,151.704,ma20_break
2024-07-29,2024-07-26,SELL,2890,swing,shared_1m_account,2100,26.45,25.921,77.5685925,163.3023,ma20_break
2024-07-29,2024-07-26,SELL,2882,swing,shared_1m_account,900,62.4,61.152,78.42744,165.1104,ma20_break
2024-07-29,2024-07-26,SELL,2368,swing,shared_1m_account,200,213.0,208.74,59.4909,125.244,ma20_break
2024-07-29,2024-07-26,SELL,1536,swing,shared_1m_account,900,63.0,61.74,79.18155,166.698,ma20_break
2024-07-29,2024-07-26,SELL,2884,swing,shared_1m_account,2100,27.05,26.509,79.32818250000001,167.0067,ma20_break
2024-07-29,2024-07-26,SELL,1514,swing,shared_1m_account,300,153.5,150.43,64.308825,135.387,ma20_break
2024-07-30,2024-07-29,BUY,2882,swing,shared_1m_account,900,62.5,61.446000000000005,78.804495,0.0,signal
2024-07-30,2024-07-29,BUY,2890,swing,shared_1m_account,2200,26.3,25.627,80.340645,0.0,signal
2024-07-30,2024-07-29,BUY,1216,swing,shared_1m_account,600,86.8,84.672,72.39456,0.0,signal
2024-07-31,2024-07-30,SELL,2882,swing,shared_1m_account,900,60.8,59.583999999999996,76.41648,160.8768,ma20_break
2024-07-31,2024-07-30,SELL,2890,swing,shared_1m_account,2200,25.85,25.333000000000002,79.41895500000001,167.19780000000003,ma20_break
2024-08-01,2024-07-31,SELL,1216,swing,shared_1m_account,600,78.5,76.92999999999999,65.77515,138.474,ma20_break
2024-08-14,2024-08-13,BUY,1101,swing,shared_1m_account,3100,33.55,33.717749999999995,148.94816062499999,0.0,signal
2024-08-14,2024-08-13,BUY,2402,swing,shared_1m_account,2700,39.1,37.975,146.1088125,0.0,signal
2024-08-15,2024-08-14,SELL,1101,swing,shared_1m_account,3100,33.65,32.977,145.6758975,306.6861,ma20_break
2024-08-15,2024-08-14,SELL,2402,swing,shared_1m_account,2700,38.0,37.24,143.2809,301.644,ma20_break
2024-08-16,2024-08-15,BUY,1609,swing,shared_1m_account,1400,53.9,54.16949999999999,108.06815249999998,0.0,signal
2024-08-19,2024-08-16,SELL,1609,swing,shared_1m_account,1400,54.5,53.41,106.55295000000001,224.322,ma20_break
2024-08-19,2024-08-16,BUY,9904,swing,shared_1m_account,2900,35.9,35.083999999999996,144.98462999999998,0.0,signal
2024-08-20,2024-08-19,SELL,9904,swing,shared_1m_account,2900,34.3,33.614,138.909855,292.4418,ma20_break
2024-08-20,2024-08-19,BUY,9945,swing,shared_1m_account,1300,50.2,48.803999999999995,90.40941,0.0,signal
2024-08-20,2024-08-19,BUY,2504,swing,shared_1m_account,1300,51.1,49.98,92.58794999999999,0.0,signal
2024-08-21,2024-08-20,SELL,9945,swing,shared_1m_account,1300,48.25,47.285,87.5954625,184.4115,ma20_break
2024-08-23,2024-08-22,SELL,2504,swing,shared_1m_account,1300,50.0,49.0,90.77250000000001,191.1,ma20_break
2024-09-03,2024-09-02,BUY,2301,swing,shared_1m_account,300,106.5,104.86,44.82765,0.0,signal
2024-09-03,2024-09-02,BUY,2497,large,shared_1m_account,500,68.0,66.64,47.481,0.0,signal
2024-09-04,2024-09-03,SELL,2301,swing,shared_1m_account,300,100.5,98.49,42.104475,88.641,ma20_break
2024-09-04,2024-09-03,BUY,2303,swing,shared_1m_account,900,53.0,53.26499999999999,68.31236249999999,0.0,signal
2024-09-04,2024-09-03,BUY,1402,swing,shared_1m_account,1300,34.15,34.32075,63.579189375,0.0,signal
2024-09-04,2024-09-03,BUY,1216,swing,shared_1m_account,500,81.1,81.43799999999999,58.02457499999999,0.0,signal
2024-09-04,2024-09-03,BUY,2308,swing,shared_1m_account,100,372.5,374.36249999999995,53.34665624999999,0.0,signal
2024-09-04,2024-09-03,BUY,1102,swing,shared_1m_account,1100,43.3,43.51649999999999,68.21211375,0.0,signal
2024-09-05,2024-09-04,SELL,2303,swing,shared_1m_account,900,53.9,52.821999999999996,67.744215,142.61939999999998,ma20_break
2024-09-05,2024-09-04,SELL,1402,swing,shared_1m_account,1300,35.05,34.349,63.631522499999996,133.9611,ma20_break
2024-09-05,2024-09-04,SELL,1216,swing,shared_1m_account,500,82.3,80.654,57.465975,120.98100000000001,ma20_break
2024-09-05,2024-09-04,SELL,2308,swing,shared_1m_account,100,375.0,367.5,52.36875,110.25,ma20_break
2024-09-05,2024-09-04,SELL,1102,swing,shared_1m_account,1100,44.5,43.61,68.358675,143.913,ma20_break
2024-09-06,2024-09-05,BUY,4566,swing,shared_1m_account,400,96.8,93.492,53.290440000000004,0.0,signal
2024-09-09,2024-09-06,SELL,4566,swing,shared_1m_account,400,86.8,85.064,48.48648,102.07679999999999,ma20_break
2024-09-09,2024-09-06,BUY,1402,swing,shared_1m_account,1300,35.2,35.376,65.53403999999999,0.0,signal
2024-09-09,2024-09-06,BUY,2324,swing,shared_1m_account,1400,31.95,32.095,64.029525,0.0,signal
2024-09-09,2024-09-06,BUY,1216,swing,shared_1m_account,500,81.8,81.928,58.3737,0.0,signal
2024-09-10,2024-09-09,SELL,1402,swing,shared_1m_account,1300,36.05,35.32899999999999,65.44697249999999,137.78309999999996,ma20_break
2024-09-11,2024-09-10,SELL,2324,swing,shared_1m_account,1400,32.6,31.948,63.73626,134.1816,ma20_break
2024-10-04,2024-10-01,BUY,3045,swing,shared_1m_account,500,114.5,113.19,80.647875,0.0,signal
2024-10-07,2024-10-04,SELL,3045,swing,shared_1m_account,500,112.5,110.25,78.55312500000001,165.375,ma20_break
2024-10-09,2024-10-08,SELL,1216,swing,shared_1m_account,500,86.7,84.96600000000001,60.53827500000001,127.44900000000003,ma20_break
2024-10-15,2024-10-14,SELL,2497,large,shared_1m_account,500,77.6,76.04799999999999,54.18419999999999,114.07199999999997,trail_10pct
2024-10-24,2024-10-23,BUY,4566,swing,shared_1m_account,600,90.9,88.494,75.66237000000001,0.0,signal
2024-10-25,2024-10-24,SELL,4566,swing,shared_1m_account,600,87.8,86.044,73.56762,154.8792,ma20_break
2024-11-12,2024-11-11,BUY,8210,short,shared_1m_account,100,312.0,310.17,44.199225,0.0,signal
2024-11-12,2024-11-11,BUY,2882,swing,shared_1m_account,700,67.8,67.32600000000001,67.15768500000001,0.0,signal
2024-11-12,2024-11-11,BUY,3481,swing,shared_1m_account,3400,15.7,15.533,75.257385,0.0,signal
2024-11-13,2024-11-12,SELL,8210,short,shared_1m_account,100,310.0,303.8,43.2915,91.14,box_failure
2024-11-13,2024-11-12,SELL,2882,swing,shared_1m_account,700,67.1,65.758,65.593605,138.0918,ma20_break
2024-11-13,2024-11-12,SELL,3481,swing,shared_1m_account,3400,15.4,15.092,73.12074000000001,153.9384,ma20_break
2024-11-14,2024-11-13,BUY,3015,short,shared_1m_account,800,69.7,65.366,74.51724,0.0,signal
2024-11-14,2024-11-13,BUY,3702,swing,shared_1m_account,700,75.9,74.774,74.58706500000001,0.0,signal
2024-11-14,2024-11-13,BUY,2317,swing,shared_1m_account,200,215.0,210.21,59.90985,0.0,signal
2024-11-15,2024-11-14,SELL,3015,short,shared_1m_account,800,65.0,63.699999999999996,72.61800000000001,152.88,box_failure
2024-11-15,2024-11-14,SELL,3702,swing,shared_1m_account,700,76.2,74.676,74.48931,156.8196,ma20_break
2024-11-15,2024-11-14,SELL,2317,swing,shared_1m_account,200,212.0,207.76,59.211600000000004,124.656,ma20_break
2024-11-15,2024-11-14,BUY,2301,swing,shared_1m_account,900,106.0,102.89999999999999,131.96925,0.0,signal
2024-11-15,2024-11-14,BUY,3045,swing,shared_1m_account,800,114.5,111.72,127.3608,0.0,signal
2024-11-18,2024-11-15,SELL,2301,swing,shared_1m_account,900,102.0,99.96,128.1987,269.892,ma20_break
2024-11-18,2024-11-15,SELL,3045,swing,shared_1m_account,800,111.0,108.78,124.0092,261.072,ma20_break
2024-11-18,2024-11-15,BUY,8028,swing,shared_1m_account,400,135.0,132.3,75.41100000000002,0.0,signal
2024-11-18,2024-11-15,BUY,3231,swing,shared_1m_account,500,116.5,115.14999999999999,82.04437499999999,0.0,signal
2024-11-19,2024-11-18,SELL,8028,swing,shared_1m_account,400,126.0,123.48,70.3836,148.17600000000002,ma20_break
2024-11-19,2024-11-18,SELL,3231,swing,shared_1m_account,500,115.0,112.7,80.29875,169.05,ma20_break
2024-11-19,2024-11-18,BUY,2431,swing,shared_1m_account,4400,17.8,16.954,106.30158000000002,0.0,signal
2024-11-19,2024-11-18,BUY,2504,swing,shared_1m_account,1400,55.0,54.291999999999994,108.31253999999998,0.0,signal
2024-11-20,2024-11-19,SELL,2431,swing,shared_1m_account,4400,17.5,17.15,107.5305,226.38,ma20_break
2024-11-21,2024-11-20,SELL,2504,swing,shared_1m_account,1400,54.2,53.116,105.96642,223.0872,ma20_break
2024-12-05,2024-12-04,BUY,3090,short,shared_1m_account,1000,79.0,76.244,108.6477,0.0,signal
2024-12-06,2024-12-05,BUY,2427,large,shared_1m_account,1700,27.7,27.685,67.0669125,0.0,signal
2024-12-09,2024-12-06,SELL,3090,short,shared_1m_account,1000,74.9,73.402,104.59785000000001,220.20600000000002,box_failure
2024-12-09,2024-12-06,BUY,2527,short,shared_1m_account,1400,40.6,39.788000000000004,79.37706000000001,0.0,signal
2024-12-10,2024-12-09,SELL,2527,short,shared_1m_account,1400,38.75,37.975,75.760125,159.495,box_failure
2024-12-10,2024-12-09,BUY,2609,large,shared_1m_account,700,82.5,81.34,81.13665,0.0,signal
2024-12-10,2024-12-09,BUY,2347,swing,shared_1m_account,800,75.5,74.186,84.57204,0.0,signal
2024-12-11,2024-12-10,SELL,2347,swing,shared_1m_account,800,74.3,72.814,83.00796,174.7536,ma20_break
2024-12-24,2024-12-23,BUY,6205,short,shared_1m_account,600,83.1,78.89,67.45095,0.0,signal
2024-12-24,2024-12-23,BUY,2455,swing,shared_1m_account,300,168.5,165.62,70.80255,0.0,signal
2024-12-25,2024-12-24,SELL,6205,short,shared_1m_account,600,77.9,76.342,65.27241,137.41559999999998,box_failure
2024-12-25,2024-12-24,SELL,2455,swing,shared_1m_account,300,164.0,160.72,68.7078,144.648,ma20_break
2024-12-26,2024-12-25,BUY,2328,short,shared_1m_account,1100,45.1,42.434,66.515295,0.0,signal
2024-12-26,2024-12-25,BUY,6166,short,shared_1m_account,600,81.0,78.008,66.69684,0.0,signal
2024-12-30,2024-12-27,SELL,2328,short,shared_1m_account,1100,42.5,41.65,65.286375,137.445,ma3_break
2024-12-30,2024-12-27,SELL,6166,short,shared_1m_account,600,77.6,76.04799999999999,65.02104,136.88639999999998,box_failure
2024-12-31,2024-12-30,BUY,2610,swing,shared_1m_account,1800,26.45,26.068,66.86442000000001,0.0,signal
2025-01-02,2024-12-31,SELL,2610,swing,shared_1m_account,1800,25.7,25.186,64.60209,136.0044,ma20_break
2025-01-13,2025-01-10,SELL,2609,large,shared_1m_account,700,71.5,70.07,69.894825,147.147,trail_10pct
2025-01-15,2025-01-14,BUY,2377,swing,shared_1m_account,500,185.0,181.29999999999998,129.17624999999998,0.0,signal
2025-01-15,2025-01-14,BUY,3694,swing,shared_1m_account,1600,56.0,53.9,122.89200000000001,0.0,signal
2025-01-16,2025-01-15,SELL,2377,swing,shared_1m_account,500,183.5,179.82999999999998,128.128875,269.74499999999995,ma20_break
2025-01-16,2025-01-15,SELL,3694,swing,shared_1m_account,1600,54.5,53.41,121.7748,256.368,ma20_break
2025-01-21,2025-01-20,SELL,2427,large,shared_1m_account,1700,25.2,24.695999999999998,59.82606,125.94959999999999,trail_10pct
2025-02-17,2025-02-14,BUY,2031,short,shared_1m_account,800,53.5,52.136,59.43504000000001,0.0,signal
2025-02-19,2025-02-18,SELL,2031,short,shared_1m_account,800,52.0,50.96,58.0944,122.304,ma3_break
2025-02-21,2025-02-20,BUY,3022,short,shared_1m_account,700,93.6,89.27799999999999,89.05480499999999,0.0,signal
2025-02-21,2025-02-20,BUY,1618,large,shared_1m_account,1200,52.9,51.548,88.14708000000002,0.0,signal
2025-02-21,2025-02-20,BUY,3416,short,shared_1m_account,300,181.5,182.28,77.9247,0.0,signal
2025-02-24,2025-02-21,SELL,3416,short,shared_1m_account,300,176.0,172.48,73.7352,155.232,box_failure
2025-02-27,2025-02-26,SELL,3022,short,shared_1m_account,700,108.5,106.33,106.064175,223.293,ma3_break
2025-03-14,2025-03-13,SELL,1618,large,shared_1m_account,1200,45.7,44.786,76.58406000000001,161.2296,trail_10pct
2025-04-02,2025-04-01,BUY,2027,swing,shared_1m_account,100,50.4,49.0,6.9825,0.0,signal
2025-04-07,2025-04-02,SELL,2027,swing,shared_1m_account,100,44.65,43.757,6.2353724999999995,13.1271,ma20_break
2025-04-07,2025-04-02,BUY,1402,swing,shared_1m_account,300,30.45,30.602249999999994,13.082461874999996,0.0,signal
2025-04-07,2025-04-02,BUY,2880,swing,shared_1m_account,400,25.25,25.37625,14.4644625,0.0,signal
2025-04-07,2025-04-02,BUY,3481,swing,shared_1m_account,700,14.1,14.170499999999999,14.135073749999998,0.0,signal
2025-04-07,2025-04-02,BUY,2886,swing,shared_1m_account,200,35.55,35.72774999999999,10.182408749999999,0.0,signal
2025-04-07,2025-04-02,BUY,2303,swing,shared_1m_account,200,40.75,40.95374999999999,11.671818749999998,0.0,signal
2025-04-08,2025-04-07,SELL,1402,swing,shared_1m_account,300,30.45,29.840999999999998,12.7570275,26.8569,ma20_break
2025-04-08,2025-04-07,SELL,2880,swing,shared_1m_account,400,25.5,24.99,14.2443,29.988,ma20_break
2025-04-08,2025-04-07,SELL,3481,swing,shared_1m_account,700,13.4,13.132,13.099169999999999,27.577199999999998,ma20_break
2025-04-08,2025-04-07,SELL,2886,swing,shared_1m_account,200,37.2,36.456,10.389960000000002,21.873600000000003,ma20_break
2025-04-08,2025-04-07,SELL,2303,swing,shared_1m_account,200,39.55,38.75899999999999,11.046314999999998,23.255399999999995,ma20_break
2025-04-09,2025-04-08,BUY,5876,swing,shared_1m_account,700,44.0,44.22,44.10945,0.0,signal
2025-05-08,2025-05-07,SELL,5876,swing,shared_1m_account,700,46.8,45.864,45.749340000000004,96.3144,ma20_break
2025-05-16,2025-05-15,BUY,2489,large,shared_1m_account,1600,16.0,15.533,35.41524,0.0,signal
2025-05-20,2025-05-19,BUY,8222,swing,shared_1m_account,400,63.6,61.152,34.85664,0.0,signal
2025-05-20,2025-05-19,BUY,6477,large,shared_1m_account,800,32.7,32.144,36.64416,0.0,signal
2025-05-21,2025-05-20,SELL,8222,swing,shared_1m_account,400,60.7,59.486000000000004,33.90702,71.3832,ma20_break
2025-06-02,2025-05-29,SELL,6477,large,shared_1m_account,800,29.75,29.155,33.2367,69.97200000000001,trail_10pct
2025-06-03,2025-06-02,SELL,2489,large,shared_1m_account,1600,13.7,13.425999999999998,30.61128,64.4448,trail_10pct
2025-06-18,2025-06-10,BUY,2374,large,shared_1m_account,800,53.5,53.76749999999999,61.29494999999999,0.0,signal
2025-06-19,2025-06-18,BUY,2324,swing,shared_1m_account,1600,28.5,27.93,63.6804,0.0,signal
2025-06-19,2025-06-18,BUY,2356,swing,shared_1m_account,1100,42.1,41.405,64.9023375,0.0,signal
2025-06-20,2025-06-19,SELL,2324,swing,shared_1m_account,1600,27.85,27.293,62.22803999999999,131.00639999999999,ma20_break
2025-06-20,2025-06-19,SELL,2356,swing,shared_1m_account,1100,41.45,40.621,63.67341750000001,134.04930000000002,ma20_break
2025-06-20,2025-06-19,BUY,2368,swing,shared_1m_account,300,267.5,258.71999999999997,110.60279999999999,0.0,signal
2025-06-23,2025-06-20,BUY,2329,swing,shared_1m_account,1000,39.2,39.396,56.1393,0.0,signal
2025-06-23,2025-06-20,BUY,6257,swing,shared_1m_account,500,78.5,78.4,55.86,0.0,signal
2025-06-24,2025-06-23,SELL,6257,swing,shared_1m_account,500,79.7,78.106,55.650525,117.159,ma20_break
2025-06-27,2025-06-26,SELL,2368,swing,shared_1m_account,300,270.5,265.09,113.32597499999999,238.58099999999996,ma20_break
2025-06-30,2025-06-27,SELL,2329,swing,shared_1m_account,1000,40.3,39.494,56.27895,118.482,ma20_break
2025-07-07,2025-07-04,BUY,9904,swing,shared_1m_account,1500,30.45,29.988,64.09935,0.0,signal
2025-07-07,2025-07-04,BUY,2474,swing,shared_1m_account,200,210.0,205.79999999999998,58.653,0.0,signal
2025-07-08,2025-07-07,SELL,9904,swing,shared_1m_account,1500,29.7,29.105999999999998,62.214075,130.977,ma20_break
2025-07-08,2025-07-07,SELL,2474,swing,shared_1m_account,200,204.0,199.92,56.9772,119.952,ma20_break
2025-07-08,2025-07-07,BUY,6257,swing,shared_1m_account,1000,75.8,76.17899999999999,108.55507499999999,0.0,signal
2025-07-09,2025-07-08,SELL,6257,swing,shared_1m_account,1000,76.8,75.264,107.2512,225.792,ma20_break
2025-07-09,2025-07-08,BUY,2915,swing,shared_1m_account,900,54.6,53.41,68.49832500000001,0.0,signal
2025-07-10,2025-07-09,BUY,3062,large,shared_1m_account,1800,25.7,25.186,64.60209,0.0,signal
2025-07-11,2025-07-10,SELL,2915,swing,shared_1m_account,900,54.7,53.606,68.749695,144.7362,ma20_break
2025-07-14,2025-07-11,BUY,6196,short,shared_1m_account,200,203.0,199.92,56.9772,0.0,signal
2025-07-14,2025-07-11,BUY,3231,swing,shared_1m_account,300,118.5,117.11,50.064525,0.0,signal
2025-07-14,2025-07-11,BUY,6695,large,shared_1m_account,1000,46.9,45.178,64.37865000000001,0.0,signal
2025-07-15,2025-07-14,SELL,3231,swing,shared_1m_account,300,117.5,115.14999999999999,49.226625,103.635,ma20_break
2025-07-16,2025-07-15,SELL,6196,short,shared_1m_account,200,201.0,196.98,56.1393,118.188,ma3_break
2025-07-28,2025-07-25,BUY,2612,short,shared_1m_account,800,52.3,51.744,58.98816,0.0,signal
2025-07-29,2025-07-28,SELL,2612,short,shared_1m_account,800,50.5,49.49,56.418600000000005,118.776,box_failure
2025-07-29,2025-07-28,BUY,1303,short,shared_1m_account,1700,37.3,36.26,87.83985,0.0,signal
2025-07-31,2025-07-30,BUY,3311,short,shared_1m_account,1000,41.25,40.18,57.2565,0.0,signal
2025-08-01,2025-07-31,BUY,4766,short,shared_1m_account,100,382.5,376.32,53.6256,0.0,signal
2025-08-04,2025-08-01,SELL,1303,short,shared_1m_account,1700,39.0,38.22,92.58795,194.922,ma3_break
2025-08-04,2025-08-01,SELL,3311,short,shared_1m_account,1000,38.85,38.073,54.254025,114.21900000000001,ma3_break
2025-08-07,2025-08-06,SELL,4766,short,shared_1m_account,100,380.5,372.89,53.136825,111.867,ma3_break
2025-08-14,2025-08-13,SELL,3062,large,shared_1m_account,1800,25.5,24.99,64.09935,134.946,trail_10pct
2025-08-14,2025-08-13,SELL,6695,large,shared_1m_account,1000,48.35,47.383,67.520775,142.149,trail_10pct
2025-08-18,2025-08-15,BUY,6235,short,shared_1m_account,700,63.9,62.328,62.17218,0.0,signal
2025-08-19,2025-08-18,BUY,3189,large,shared_1m_account,400,114.0,109.27,62.2839,0.0,signal
2025-08-20,2025-08-19,SELL,6235,short,shared_1m_account,700,60.9,59.681999999999995,59.53279499999999,125.33219999999999,ma3_break
2025-08-20,2025-08-19,BUY,5608,short,shared_1m_account,3000,19.9,19.355,82.742625,0.0,signal
2025-08-20,2025-08-19,BUY,2365,swing,shared_1m_account,1300,43.1,42.238,78.245895,0.0,signal
2025-08-21,2025-08-20,SELL,2365,swing,shared_1m_account,1300,41.5,40.67,75.341175,158.613,ma20_break
2025-08-22,2025-08-21,SELL,5608,short,shared_1m_account,3000,19.15,18.767,80.228925,168.903,ma3_break
2025-09-05,2025-09-04,SELL,3189,large,shared_1m_account,400,104.5,102.41,58.3737,122.892,trail_10pct
2025-09-08,2025-09-05,BUY,2323,short,shared_1m_account,4800,10.05,9.2218,63.077112,0.0,signal
2025-09-09,2025-09-08,BUY,3711,short,shared_1m_account,200,170.0,168.07,47.899950000000004,0.0,signal
2025-09-10,2025-09-09,SELL,2374,large,shared_1m_account,800,85.1,83.398,95.07372,200.15519999999998,max_60_days
2025-09-10,2025-09-09,SELL,2323,short,shared_1m_account,4800,9.1,8.918,60.99911999999999,128.4192,box_failure
2025-09-11,2025-09-10,SELL,3711,short,shared_1m_account,200,170.0,166.6,47.481,99.96000000000001,ma3_break
2025-09-11,2025-09-10,BUY,3515,short,shared_1m_account,100,324.0,311.15,44.338874999999994,0.0,signal
2025-09-11,2025-09-10,BUY,2618,swing,shared_1m_account,1400,39.55,38.808,77.42196,0.0,signal
2025-09-11,2025-09-10,BUY,2610,swing,shared_1m_account,2600,21.55,21.266,78.79053,0.0,signal
2025-09-12,2025-09-11,SELL,2618,swing,shared_1m_account,1400,38.05,37.288999999999994,74.391555,156.61379999999997,ma20_break
2025-09-12,2025-09-11,SELL,2610,swing,shared_1m_account,2600,21.0,20.58,76.24889999999999,160.52399999999997,ma20_break
2025-09-12,2025-09-11,BUY,2453,large,shared_1m_account,1200,65.0,62.523999999999994,106.91603999999998,0.0,signal
2025-09-15,2025-09-12,SELL,3515,short,shared_1m_account,100,306.0,299.88,42.7329,89.964,ma3_break
2025-09-15,2025-09-12,BUY,6239,short,shared_1m_account,300,142.0,139.16,59.4909,0.0,signal
2025-09-15,2025-09-12,BUY,2313,swing,shared_1m_account,700,77.8,75.75399999999999,75.564615,0.0,signal
2025-09-15,2025-09-12,BUY,3305,large,shared_1m_account,300,157.0,150.92,64.5183,0.0,signal
2025-09-15,2025-09-12,BUY,6235,large,shared_1m_account,700,70.8,68.012,67.84197,0.0,signal
2025-09-15,2025-09-12,BUY,3257,short,shared_1m_account,600,76.0,76.342,65.27241,0.0,signal
2025-09-16,2025-09-15,SELL,2313,swing,shared_1m_account,700,76.0,74.48,74.2938,156.40800000000002,ma20_break
2025-09-16,2025-09-15,SELL,3257,short,shared_1m_account,600,73.0,71.53999999999999,61.16669999999999,128.772,box_failure
2025-09-16,2025-09-15,SELL,2453,large,shared_1m_account,1200,62.8,61.544,105.24024000000001,221.5584,portfolio_dd_guard
2025-09-16,2025-09-15,SELL,6239,short,shared_1m_account,300,149.5,146.51,62.633025,131.859,portfolio_dd_guard
2025-09-19,2025-09-18,SELL,3305,large,shared_1m_account,300,116.5,114.17,48.807675,102.753,trail_10pct
2025-10-03,2025-10-02,BUY,2340,swing,shared_1m_account,1600,26.9,26.166,59.65848,0.0,signal
2025-10-07,2025-10-03,SELL,2340,swing,shared_1m_account,1600,26.2,25.676,58.54128,123.2448,ma20_break
2025-10-08,2025-10-07,BUY,3413,short,shared_1m_account,100,334.5,330.75,47.131875,0.0,signal
2025-10-08,2025-10-07,BUY,2399,short,shared_1m_account,2100,20.65,20.433,61.14575250000001,0.0,signal
2025-10-13,2025-10-09,SELL,3413,short,shared_1m_account,100,314.0,307.71999999999997,43.8501,92.31599999999999,ma3_break
2025-10-14,2025-10-13,SELL,2399,short,shared_1m_account,2100,21.75,21.315,63.785137500000005,134.2845,ma3_break
2025-10-23,2025-10-22,BUY,8422,short,shared_1m_account,100,251.0,241.57,34.423725000000005,0.0,signal
2025-10-23,2025-10-22,BUY,3037,swing,shared_1m_account,200,157.5,155.82,44.4087,0.0,signal
2025-10-23,2025-10-22,BUY,2399,short,shared_1m_account,1800,25.05,24.304,62.33976,0.0,signal
2025-10-23,2025-10-22,BUY,2329,swing,shared_1m_account,900,47.4,46.942,60.203115000000004,0.0,signal
2025-10-27,2025-10-23,SELL,3037,swing,shared_1m_account,200,161.5,158.27,45.106950000000005,94.96200000000002,ma20_break
2025-10-27,2025-10-23,SELL,2329,swing,shared_1m_account,900,48.5,47.53,60.957225,128.331,ma20_break
2025-10-29,2025-10-28,SELL,2399,short,shared_1m_account,1800,25.65,25.136999999999997,64.47640499999999,135.73979999999997,flow_cools
2025-10-30,2025-10-29,SELL,8422,short,shared_1m_account,100,240.0,235.2,33.516,70.56,flow_cools
2025-10-30,2025-10-29,BUY,3035,short,shared_1m_account,300,189.0,180.81,77.29627500000001,0.0,signal
2025-10-30,2025-10-29,BUY,2354,large,shared_1m_account,700,74.0,71.736,71.55666000000001,0.0,signal
2025-10-30,2025-10-29,BUY,2838,swing,shared_1m_account,3000,19.05,18.718,80.01945,0.0,signal
2025-10-31,2025-10-30,SELL,3035,short,shared_1m_account,300,179.0,175.42,74.99204999999999,157.878,box_failure
2025-10-31,2025-10-30,SELL,2838,swing,shared_1m_account,3000,18.8,18.424,78.7626,165.816,ma20_break
2025-10-31,2025-10-30,BUY,3062,short,shared_1m_account,2600,28.2,28.340999999999998,105.00340499999999,0.0,signal
2025-11-03,2025-10-31,SELL,3062,short,shared_1m_account,2600,27.15,26.607,98.578935,207.53459999999998,box_failure
2025-11-05,2025-11-04,SELL,6235,large,shared_1m_account,700,66.8,65.464,65.30033999999999,137.4744,trail_10pct
2025-11-14,2025-11-13,BUY,2486,short,shared_1m_account,400,91.6,89.964,51.27948,0.0,signal
2025-11-17,2025-11-14,BUY,6589,short,shared_1m_account,500,82.0,80.262,57.186675,0.0,signal
2025-11-17,2025-11-14,BUY,8046,swing,shared_1m_account,100,285.0,276.85,39.451125000000005,0.0,signal
2025-11-18,2025-11-17,SELL,8046,swing,shared_1m_account,100,269.0,263.62,37.565850000000005,79.086,ma20_break
2025-11-18,2025-11-17,BUY,2881,swing,shared_1m_account,700,91.2,89.964,89.73908999999999,0.0,signal
2025-11-18,2025-11-17,BUY,3711,swing,shared_1m_account,300,220.0,215.6,92.169,0.0,signal
2025-11-18,2025-11-17,BUY,8039,swing,shared_1m_account,1000,64.3,63.504,90.4932,0.0,signal
2025-11-19,2025-11-18,SELL,2354,large,shared_1m_account,700,64.5,63.21,63.051975,132.741,trail_10pct
2025-11-19,2025-11-18,SELL,6589,short,shared_1m_account,500,74.3,72.814,51.879975,109.221,box_failure
2025-11-19,2025-11-18,SELL,2881,swing,shared_1m_account,700,89.6,87.80799999999999,87.58847999999999,184.39679999999998,ma20_break
2025-11-19,2025-11-18,SELL,3711,swing,shared_1m_account,300,211.0,206.78,88.39845,186.102,ma20_break
2025-11-19,2025-11-18,SELL,8039,swing,shared_1m_account,1000,63.8,62.523999999999994,89.0967,187.57199999999997,ma20_break
2025-11-20,2025-11-19,SELL,2486,short,shared_1m_account,400,102.0,99.96,56.9772,119.952,ma3_break
2025-11-20,2025-11-19,BUY,8112,swing,shared_1m_account,700,73.8,69.776,69.60155999999999,0.0,signal
2025-11-21,2025-11-20,SELL,8112,swing,shared_1m_account,700,65.1,63.797999999999995,63.638505,133.9758,ma20_break
2025-11-21,2025-11-20,BUY,3711,swing,shared_1m_account,200,210.0,211.04999999999998,60.14925,0.0,signal
2025-11-21,2025-11-20,BUY,1608,swing,shared_1m_account,1300,34.5,34.545,63.9946125,0.0,signal
2025-11-21,2025-11-20,BUY,8103,swing,shared_1m_account,600,74.5,74.87249999999999,64.0159875,0.0,signal
2025-11-21,2025-11-20,BUY,4967,swing,shared_1m_account,300,126.5,127.1325,54.34914375,0.0,signal
2025-11-21,2025-11-20,BUY,4989,swing,shared_1m_account,1100,41.8,42.00899999999999,65.84910749999999,0.0,signal
2025-11-24,2025-11-21,SELL,3711,swing,shared_1m_account,200,212.0,207.76,59.211600000000004,124.656,portfolio_dd_guard
2025-11-24,2025-11-21,SELL,1608,swing,shared_1m_account,1300,34.6,33.908,62.81457,132.24120000000002,ma20_break
2025-11-24,2025-11-21,SELL,8103,swing,shared_1m_account,600,73.6,72.128,61.66944000000001,129.8304,ma20_break
2025-11-24,2025-11-21,SELL,4967,swing,shared_1m_account,300,127.0,124.46,53.20665,112.014,ma20_break
2025-11-24,2025-11-21,SELL,4989,swing,shared_1m_account,1100,42.7,41.846000000000004,65.59360500000001,138.0918,ma20_break
2025-12-05,2025-12-04,BUY,5608,short,shared_1m_account,2000,20.25,20.335,57.954750000000004,0.0,signal
2025-12-05,2025-12-04,BUY,6505,swing,shared_1m_account,700,53.0,52.332,52.201170000000005,0.0,signal
2025-12-05,2025-12-04,BUY,2241,large,shared_1m_account,1000,40.65,40.033,57.047025000000005,0.0,signal
2025-12-08,2025-12-05,SELL,5608,short,shared_1m_account,2000,18.35,17.983,51.25155,107.898,box_failure
2025-12-08,2025-12-05,SELL,6505,swing,shared_1m_account,700,51.4,50.372,50.24607,105.78120000000001,ma20_break
2025-12-09,2025-12-08,BUY,2467,short,shared_1m_account,100,226.5,221.97,31.630725,0.0,signal
2025-12-09,2025-12-08,BUY,1301,swing,shared_1m_account,900,41.45,41.062,52.662015,0.0,signal
2025-12-09,2025-12-08,BUY,2027,swing,shared_1m_account,1000,37.4,37.288999999999994,53.136824999999995,0.0,signal
2025-12-10,2025-12-09,SELL,1301,swing,shared_1m_account,900,40.3,39.494,50.651055,106.6338,ma20_break
2025-12-10,2025-12-09,SELL,2027,swing,shared_1m_account,1000,37.2,36.456,51.9498,109.36800000000001,ma20_break
2025-12-10,2025-12-09,BUY,4739,large,shared_1m_account,1000,75.1,74.28399999999999,105.85469999999998,0.0,signal
2025-12-11,2025-12-10,SELL,2467,short,shared_1m_account,100,226.0,221.48,31.5609,66.444,ma3_break
2025-12-12,2025-12-11,BUY,2481,swing,shared_1m_account,400,86.8,84.28,48.0396,0.0,signal
2025-12-15,2025-12-12,SELL,2481,swing,shared_1m_account,400,82.2,80.556,45.91692,96.6672,ma20_break
2026-01-05,2026-01-02,BUY,3167,swing,shared_1m_account,100,236.5,226.87,32.328975,0.0,signal
2026-01-06,2026-01-05,SELL,3167,swing,shared_1m_account,100,231.5,226.87,32.328975,68.061,ma20_break
2026-01-07,2026-01-06,SELL,2241,large,shared_1m_account,1000,34.4,33.711999999999996,48.03959999999999,101.13599999999998,trail_10pct
2026-02-02,2026-01-30,SELL,4739,large,shared_1m_account,1000,67.7,66.346,94.54305000000001,199.038,trail_10pct
